X.GN.	X.Pr0B_0h1.	X.ProB_0h2.	X.Pr0B_1h1.	X.Pr0B_1h2.	X.Pr0B_4h1.	X.Pr0B_4h2.	X.Pr0B_16h1.	X.Pr0B_16h2.	a
"sp|Q8BGK6|YLAT2_MOUSE"	18.0889132700775	18.0686481097933	18.0972615000785	18.1263259097997	18.142864169768	18.1366821099443	18.4372011798729	18.4239187498008	0.994017709749671
"sp|Q8K0C4|CP51A_MOUSE"	18.9294254201098	18.8666105801107	18.8899296001066	18.933796739857	19.0022871900872	19.2359596500844	19.9858230406335	20.0007154905158	0.993802403939333
"sp|Q9JJ00|PLS1_MOUSE"	16.0194881300945	16.0037004699083	16.0491830700784	16.0644452699954	16.1550146800623	16.1808673300507	16.6781457498213	16.658449240572	0.993005892049292
"sp|Q9Z127|LAT1_MOUSE"	18.5399122199631	18.5422056798305	18.5673771200517	18.5261682600741	18.5308092801002	18.5740673099895	18.8770167801201	18.8952497701336	0.991908852182879
"sp|P58044|IDI1_MOUSE"	18.1102267999092	18.1430266199143	18.1639393901766	18.1560423897747	18.2024245301664	18.1760182899441	18.7884469299136	18.8267412100792	0.991503468407937
"tr|Q9CZN7|Q9CZN7_MOUSE"	21.5418715999707	21.4830870601416	21.5351866499361	21.4956674802262	21.5546761598999	21.5647712098492	21.8316072499316	21.8614317999528	0.99147184252981
"sp|Q99JF5|MVD1_MOUSE"	15.6096631900685	15.6613610399081	15.6063238899247	15.6386224199348	15.6084192100108	15.6870969999537	16.2809902999882	16.2303074100783	0.990271668035764
"sp|Q8BW10|NOB1_MOUSE"	18.288015410161	18.2834606301789	18.2845855199232	18.2748207497773	18.3277808201667	18.4470623701665	18.801182229911	18.8682636200752	0.990227622553463
"sp|Q9WTL8|BMAL1_MOUSE"	16.0128014999417	16.1517444800373	16.0587850999753	16.0906130799048	16.1596632699227	16.2163689999927	17.0823102500239	17.1758566403117	0.989472665138391
"sp|Q8JZK9|HMCS1_MOUSE"	18.545494359831	18.6067043201162	18.5566914100824	18.5159272400719	18.7774982200153	18.7440998098785	19.7331635799291	19.7117944200773	0.989115644562931
"sp|Q8CI11|GNL3_MOUSE"	19.7574677899209	19.7181849899728	19.7085755600451	19.7663334300611	19.7582611899383	19.8079838799418	20.3258157698939	20.2058095701456	0.98892403015348
"sp|Q6NSQ7|LTV1_MOUSE"	17.4007479499326	17.3556472297778	17.3061087600049	17.3232762296911	17.3713021901673	17.4473669503482	17.8394408397589	17.8694699502918	0.98888660957915
"sp|Q61107|GBP4_MOUSE"	18.6890794998807	18.6676901801369	18.6884093298318	18.6672701800372	18.7591706798557	18.72500747984	19.0470242799515	19.0517105699434	0.988839856836538
"sp|P16406|AMPE_MOUSE"	17.8119406698043	17.8718737601581	17.8980185797738	17.9126972402281	18.1300880402475	18.0621912497365	19.0601463498983	19.0435827600641	0.988812535386857
"sp|Q9CQS5|RIOK2_MOUSE"	16.0749380100045	15.9877629099528	16.0371969599459	16.0157965200832	16.0201010700684	16.1405670899483	16.6099643995685	16.5025619300396	0.988617468426795
"sp|P23298|KPCL_MOUSE"	16.4265221799957	16.3100888899164	16.3331025200737	16.4616407799803	16.4564884299904	16.5773705699627	17.0635292701247	17.0849511598906	0.987916446701404
"sp|Q791N7|RPA12_MOUSE"	16.1771122200926	16.0961876900452	16.1966788800299	16.2239870999718	16.1932445899707	16.258323360088	16.5776001399657	16.6365821297397	0.987595385250604
"sp|Q9D2R0|AACS_MOUSE"	17.4503772797877	17.4536002803332	17.3825606497713	17.3704154499483	17.5333527602108	17.5006964203873	18.1980035000964	18.1918283399721	0.987478534720724
"sp|B8ZXI1|QTRD1_MOUSE"	16.0108736299177	15.9733911700371	15.9893304100825	15.9488532899207	16.0121804300105	16.0488118499135	16.256548109918	16.25556542003	0.986939787360784
"sp|P24288|BCAT1_MOUSE"	19.4634399400618	19.506637209982	19.504160189906	19.484985579976	19.5017275699226	19.4934403600932	19.9322115895515	19.9062545200306	0.986696072312798
"sp|B1AQJ2|UBP36_MOUSE"	15.9705830699605	15.8941919099861	15.9337836999274	15.9763999300963	16.0484980700764	16.0048083299249	16.3945240800252	16.4013983800228	0.98593679291642
"sp|Q9D8N0|EF1G_MOUSE"	22.7079536699913	22.6510925700784	22.6666506200294	22.681602349902	22.698162859924	22.7223070699742	22.9456874100269	23.0158326600765	0.985753588398247
"tr|Q6PHQ9|Q6PHQ9_MOUSE"	21.5733195598361	21.5808394500533	21.5896335198412	21.5519246401694	21.5296264998169	21.6001199701726	21.927244459905	21.9286964501171	0.98573063608687
"sp|Q68FF7|SLAI1_MOUSE"	15.4094931099372	15.4182180498573	15.4209269801158	15.4851834701037	15.5089626400169	15.4885371298906	15.8282801600521	15.8094846399169	0.985389159505008
"sp|O35874|SATT_MOUSE"	14.5159246198083	14.5145862200736	14.6171598301243	14.4727118798726	14.4539935201542	14.6432378900895	15.2410722700383	15.2793617200846	0.985215890701235
"sp|Q9QZ85|IIGP1_MOUSE"	15.1356407199925	15.2241754400298	15.1250600100901	15.1395963100182	15.3755478001081	15.5027166899218	16.3148346800865	16.3406871699338	0.984653593294008
"sp|Q8BP47|SYNC_MOUSE"	20.1940348694715	20.1059796297833	20.2013774304941	20.1473857399967	20.1789723702139	20.193308129694	20.5579451802494	20.4955335698974	0.984540592373678
"sp|P24547|IMDH2_MOUSE"	21.7774912001318	21.8000254399414	21.7683394998421	21.7823080799643	21.8081045500067	21.7854841301363	22.1006947400374	22.1359771601227	0.983871303775011
"sp|Q3THS6|METK2_MOUSE"	22.2723583099257	22.1800714199035	22.2738542799994	22.1834593801313	22.3080175000797	22.2810002600371	22.7199298899237	22.6861507800926	0.983741293528334
"sp|Q8BJW5|NOL11_MOUSE"	20.8111614403024	20.7353237000037	20.7751501202475	20.782213500217	20.8130224403341	20.7720628301193	21.1052254399842	21.1108696702166	0.983613753343152
"tr|A2ALK6|A2ALK6_MOUSE"	15.6972798701175	15.7245407898906	15.6516335499862	15.7751355301134	15.7837007900156	15.8807743798822	16.3940013499969	16.2945095199307	0.983419567830863
"sp|Q923B6|STEA4_MOUSE"	17.4298486397682	17.3450987800871	17.334129219888	17.4095638900543	17.5029018103009	17.6116611897575	18.0493815901055	18.1207817201926	0.98324331207424
"sp|Q920E5|FPPS_MOUSE"	19.0426663798724	19.0703106401121	19.0663116100005	18.9758739600343	19.0061177399209	19.0461186499343	19.6795112500629	19.7414934599704	0.98153094982249
"sp|Q3UHX9|CI114_MOUSE"	18.3196931600963	18.3202775599834	18.3546530001668	18.2958863301903	18.2995124697865	18.4023165700685	18.6047234999146	18.6129683200459	0.981477649291786
"sp|Q3U308|CTU2_MOUSE"	18.0724089598802	18.1166785499048	18.0398202201826	18.1091629697814	18.0789025100981	18.1125932700895	18.4815659600633	18.447689810036	0.98138077339671
"sp|Q8BWW4|LARP4_MOUSE"	17.6500837198151	17.5882159098656	17.6578801398547	17.6559070301832	17.7936389101342	17.7704508600558	18.2706809900434	18.174223799893	0.981176335364842
"sp|Q6ZQL4|WDR43_MOUSE"	18.1114894600189	18.062822689944	18.0636616597704	18.0305350401157	18.1413576098185	18.1397411597665	18.4084263799851	18.4105885400555	0.979894223321872
"sp|P05201|AATC_MOUSE"	20.3169509997153	20.3068064395641	20.2828451703727	20.2644130798403	20.3145765599522	20.2953323795112	20.564567339753	20.5775269300874	0.979229652255858
"tr|Q9JIZ5|Q9JIZ5_MOUSE"	16.0719383999803	16.0409203600046	16.0972413799252	16.008002430081	16.2247419599424	16.1804615100103	16.656125879786	16.6677294406374	0.979116439883669
"sp|Q9CS74|SGT1_MOUSE"	16.9010314396977	16.9338420202766	16.9156267205656	16.9594670700336	16.9719732000632	16.9483876003363	17.2090324997891	17.2612873503072	0.978958563966522
"sp|P63038|CH60_MOUSE"	24.9463337298899	24.9157804501686	24.890661650108	24.8908986498069	24.9599019299046	24.9459078399054	25.1654934501085	25.1835066600465	0.978781709284142
"sp|Q80Y44|DDX10_MOUSE"	19.6125126999516	19.5019112600663	19.5362296300787	19.5786356099106	19.5203827900859	19.6845654200799	19.9781869205238	19.9660198502033	0.978570227886719
"tr|A2T4N6|A2T4N6_MOUSE"	16.9375681704381	16.9017368396281	16.9494152004462	16.8326939203215	16.9706362698634	17.0286697700043	17.34541223025	17.3709251698691	0.978169244509464
"sp|Q64133|AOFA_MOUSE"	17.8585317300159	17.8701945798398	17.9191657600259	17.9054467397853	17.9624803902624	17.9213505802871	18.184965469801	18.1824205200563	0.978133396922935
"sp|Q99L48-2|NMD3_MOUSE"	16.353082740027	16.2363857299906	16.2918314499106	16.2348920600335	16.3484398400146	16.2744590599526	16.9994646895889	16.8774026299285	0.977947200343567
"sp|Q9QUJ7|ACSL4_MOUSE"	20.3530806894728	20.2932800596153	20.3409755799144	20.3537754300742	20.413047869548	20.4040338699218	20.6279069797481	20.6005602996028	0.977646991316193
"sp|Q9CZW4|ACSL3_MOUSE"	17.6942880600875	17.5459428396805	17.6613178501495	17.6639677398722	17.6420236899387	17.712538210327	18.0364938998445	17.9884437900159	0.977052274822888
"tr|Q3U821|Q3U821_MOUSE"	18.6103541498848	18.6040785501807	18.5785397999516	18.5880725398973	18.591881249964	18.5690635199726	18.9304025700448	18.9667929999073	0.976953229479012
"sp|O70251|EF1B_MOUSE"	21.4938664501042	21.5241228700823	21.5124954301089	21.4841737801981	21.4935390599934	21.5173457198414	21.7685299598903	21.8375444799127	0.976508018607864
"sp|Q99MD6|TRXR3_MOUSE"	18.0591231202551	18.0561091899806	18.0729924900714	18.0464179897554	18.1055021998894	18.0372532101254	18.4024724099825	18.447775889878	0.976371445875896
"sp|Q61753|SERA_MOUSE"	23.1643139800549	23.1941807500024	23.1378682300238	23.1461282199728	23.2235244699562	23.2135781999609	23.4494752097553	23.4533986599679	0.976064779267757
"sp|Q6PGG6|GNL3L_MOUSE"	18.6646278198581	18.5747032699805	18.617134630172	18.5603075401758	18.5413365198533	18.6988276401324	19.0271943100721	19.093422059907	0.975991328799248
"sp|P57725|SAMN1_MOUSE"	17.0856323302123	17.0712250904809	17.0102367598547	17.0536985700235	17.2063290203292	17.1511209197567	17.6241201202244	17.7399488801066	0.975958549384352
"sp|Q9CZ91|SRFB1_MOUSE"	18.9860603199514	18.9328152899769	18.9380759699448	18.9936752000152	18.9043856401005	19.1143857800108	19.3938966300708	19.4547110700009	0.975184681728309
"sp|Q80VY9|DHX33_MOUSE"	16.8923039204664	16.8271044999462	16.8581174194539	16.9151475302555	16.9096348304762	16.9532932799484	17.3255709496575	17.1923704901788	0.974407041850708
"sp|Q9JMH6|TRXR1_MOUSE"	20.2195977802519	20.1582655003369	20.191749689437	20.1545107101861	20.2924814702473	20.2107219901194	20.580105609666	20.5867129903495	0.97435250661862
"sp|Q8K2P7|S38A1_MOUSE"	19.0561416700876	19.0544863801227	19.0511616800546	19.0239787400096	19.1225105300759	19.0545676500026	19.373020399995	19.424156720079	0.974075563217027
"tr|E9Q3H4|E9Q3H4_MOUSE"	15.1663308399466	15.092668709971	15.1074792800614	15.2161138598965	15.2462030499299	15.2621202501779	15.6452352600128	15.56013135011	0.973446119095032
"sp|P62071|RRAS2_MOUSE"	18.4658992200419	18.4312951799467	18.5028811201095	18.4351590801238	18.5183761899714	18.537444929821	18.7590014299296	18.7128385201247	0.973288007711706
"sp|Q922H9|ZN330_MOUSE"	17.5650051202224	17.5111633799533	17.5875876696839	17.6091600000717	17.6264463201232	17.5909945696368	17.8450137200148	17.8328722800641	0.973277812332376
"tr|Q91Z40|Q91Z40_MOUSE"	18.8729207498567	18.9543664200036	18.8666467401038	18.922898079932	19.0471328700715	18.9976335500019	19.5105199800097	19.6601537799161	0.973193755187053
"sp|P29341|PABP1_MOUSE"	23.4699961502383	23.4080291194724	23.4591896794251	23.4275679499306	23.4740177703311	23.5753097001585	23.7416927797013	23.7635937997293	0.973068100646203
"tr|G3UW58|G3UW58_MOUSE"	15.2128886398136	15.3057816400988	15.4314815599322	15.3012624400871	15.3853065001428	15.5045634200057	15.9435995600476	15.958261330028	0.972990629982323
"tr|G3X9B1|G3X9B1_MOUSE"	20.8745190102836	20.870557590296	20.8749742297069	20.9236829898595	20.8731231799424	20.8518418096455	21.1850255401743	21.1884481697806	0.972948662073404
"tr|Q9DCE9|Q9DCE9_MOUSE"	17.502594979842	17.5014763898545	17.5763172199222	17.5630829903143	17.5524069601386	17.6526126102425	17.8677782499796	17.8251247199441	0.972606389147285
"sp|Q8BQM4|HEAT3_MOUSE"	19.513961879959	19.3799978499348	19.4470565599469	19.4333285099366	19.4691295100943	19.4149780900198	19.8701394499325	19.9230241900484	0.972493988959208
"sp|Q8R366|IGSF8_MOUSE"	16.4388648699518	16.5576301899302	16.4187692099288	16.3848233599316	16.6781612796641	16.8150263395025	17.6655201601023	17.4841101799232	0.972036133200027
"sp|Q61502|E2F5_MOUSE"	19.5809907999799	19.5356953800654	19.4112177200292	19.5956940199674	19.5578071300398	19.599551879988	20.0531485803759	20.1086021601361	0.971968299933705
"sp|Q80SU7|GVIN1_MOUSE"	20.9705247102014	21.0114974398772	21.0306509501777	21.0156183002479	21.1679896600971	21.0261847301172	21.6269262701836	21.5703708301607	0.97184919458432
"sp|Q99LH1|NOG2_MOUSE"	18.6564326800196	18.6122579699635	18.6566491901109	18.6547195200179	18.5785797399366	18.7415747700677	18.9511172501021	18.978774699897	0.97176196269132
"sp|Q9EQ61|PESC_MOUSE"	19.0277179800986	18.8547847498514	18.9388704799903	18.9479172098795	18.8845635099276	18.9749800299374	19.4310099599676	19.3577288599975	0.971406049150291
"sp|Q64674|SPEE_MOUSE"	21.3578363500592	21.4249233600491	21.3831962599912	21.3604032299038	21.3786592498413	21.3608240801158	21.7718090898855	21.8273554298628	0.971389282072297
"sp|Q3TZX8|NOL9_MOUSE"	17.2121840001863	17.1600574902811	17.1039777004561	17.2659288201401	17.190013740012	17.2726144199956	17.5943669696384	17.5817863400857	0.970789387854182
"sp|Q99PM9|UCK2_MOUSE"	17.9237425301943	18.0323105998582	18.06086170007	18.0563560901074	18.1960216801018	18.2840159497867	18.782854469902	18.9867298500796	0.970537798675902
"sp|Q99LE6|ABCF2_MOUSE"	20.0289939798621	19.9625397895322	20.0885473696717	20.0309925701098	20.015645520246	20.0691987404012	20.3272603597469	20.2809109402724	0.970387589871092
"sp|Q8C5N5|PDD2L_MOUSE"	15.088242840134	15.2056280400562	15.1101989000671	15.2243761699081	15.1806135501521	15.3382643198698	15.6995098398964	15.6935830901339	0.969734271753561
"sp|Q921N6|DDX27_MOUSE"	20.3482296804839	20.1842261804351	20.3035937894766	20.3613069599178	20.2811308802396	20.3163781999043	20.7073382203136	20.7042333999223	0.969439423634149
"sp|Q8R2U4|NTM1A_MOUSE"	19.5957251999429	19.6785975200725	19.702031629944	19.6884134299887	19.7301324400087	19.8313041499807	20.087848840076	20.1119945598593	0.969324680713165
"sp|P46718|PDCD2_MOUSE"	18.1031902597686	18.0684188098611	18.1088458798304	17.9970404597822	18.1593641698742	18.1738273701804	18.462605000093	18.5304950998327	0.969044339983566
"sp|P19096|FAS_MOUSE"	21.5403284000309	21.5526863097834	21.5761593497896	21.5847800600797	21.5889185197747	21.4988795297909	22.0437348798781	21.9895606700748	0.968839225486611
"sp|Q8R107|PRLD1_MOUSE"	15.0564091598071	14.9432747401721	15.0699673698038	15.0807138002005	15.1493252000852	15.2151368298626	15.5788651799648	15.487431310082	0.968466230956902
"sp|P70670|NACAM_MOUSE"	20.5095903700421	20.435887459585	20.3905281301719	20.4890447898534	20.4791752898092	20.4872151604601	20.7617697897905	20.7561729702161	0.968338893263505
"sp|Q8C3I8|HGH1_MOUSE"	18.7893673599447	18.8731459701165	18.9307559800099	18.8532511198925	18.9212866499732	18.9944220999837	19.2659842000087	19.3308176299112	0.967931262886481
"sp|Q8R2N2|CIR1A_MOUSE"	18.4069055298945	18.4111315400886	18.4527169799078	18.5204132599702	18.4487555601438	18.4909203498819	18.7349113500687	18.705378940153	0.967724248926599
"sp|O35368-3|IFI3_MOUSE"	17.601392380203	17.5051602903445	17.5735253802607	17.5096301400327	17.6676422501415	17.8441116397211	18.1905287999203	18.1935243498597	0.967289810551833
"sp|P70700|RPA2_MOUSE"	17.6154186200596	17.6359398802442	17.589383400104	17.6141072796885	17.6492117396809	17.5867723498608	17.9828291198493	18.0816632098423	0.967111047170301
"sp|Q6PAC3|DCA13_MOUSE"	18.1820582801743	18.1960172198229	18.1415932700387	18.1953023698711	18.1921517898218	18.3395947000322	18.5286893498668	18.5701745798872	0.966948457533737
"sp|P56183|RRP1_MOUSE"	18.3825440999168	18.2543309497696	18.2512371601894	18.4217773901384	18.3971657398768	18.3563649500663	18.8073770800143	18.8441374098861	0.966942075194933
"sp|Q8VCE2|GPN1_MOUSE"	16.2538555999396	16.3098215700856	16.2514855099259	16.2392018400446	16.2727483499628	16.3386264400792	16.5381052600445	16.6188573596459	0.966804918064028
"sp|Q8VCY6|UTP6_MOUSE"	20.3530099204926	20.2994056296082	20.3621962198535	20.3346166896748	20.3338549995639	20.3001200995543	20.6333161496235	20.5868194396434	0.966786170213793
"sp|Q9CXK8|NIP7_MOUSE"	18.4168239001496	18.3918910598018	18.451284459981	18.3725849399777	18.450993849914	18.4415209600677	18.7561376401355	18.9121903398823	0.966448554148662
"sp|Q8BGS0|MAK16_MOUSE"	16.0227615599833	16.0667871499041	15.871788749911	15.9939290200998	15.9586263100315	16.0542675699102	16.5650812900701	16.6698144595937	0.966348260745042
"sp|A2APV2|FMNL2_MOUSE"	17.9052448499136	17.8417853399156	17.9489592101208	17.9200445899528	17.9449375697374	17.8818891800271	18.2112338000689	18.2800609698359	0.965034760402782
"sp|Q8K4F6|NSUN5_MOUSE"	17.9150043699932	17.9324261299068	17.8835449198463	17.9364533498672	17.8480036396982	17.9771299497337	18.1994678201136	18.2519108199989	0.964959904571134
"sp|Q91YK2|RRP1B_MOUSE"	19.5929254899827	19.5107407499673	19.5306818299806	19.6388108399753	19.5517033799916	19.5890794900317	19.8787043200384	19.9716506095652	0.964596517070283
"sp|Q8C0P5|COR2A_MOUSE"	18.5387872198976	18.5591201600469	18.5400847401254	18.4581426401254	18.573282489861	18.5790977900768	18.8758571200351	18.8187040900711	0.964174050409782
"sp|Q9CPT5|NOP16_MOUSE"	17.3385493396942	17.2691982303069	17.396592750033	17.2313808598439	17.3632387804171	17.3785878998293	17.7884884402841	17.6941041199217	0.964130072302001
"sp|P81122|IRS2_MOUSE"	14.96001911014	14.8703706802252	14.9550877299064	14.9705106397831	15.0176449300214	15.0354310200486	15.2199991399846	15.2466033600528	0.964085874918148
"sp|Q99L48|NMD3_MOUSE"	18.6284619699381	18.6859911100437	18.5326532199111	18.7034886301624	18.6849381801284	18.748374369978	19.1314707100257	19.2713454099702	0.963599692209435
"sp|O88878|ZFAN5_MOUSE"	14.3046242698304	14.34614606017	14.4184892601424	14.3007326999991	14.3959078503003	14.4056446801696	14.7630140402024	14.9382725999839	0.963548256259069
"tr|B1AX95|B1AX95_MOUSE"	18.3027985601238	18.3282820802088	18.4206280598935	18.3609754000773	18.355513310051	18.3943001800394	18.6882895301637	18.6101083601381	0.963426191768078
"sp|Q9CR47|NSA2_MOUSE"	17.2536318898746	17.0026153096697	17.1578856701484	17.0913569795938	17.1430210697049	17.3144757302457	17.7036990102416	17.6607373198851	0.9627013373597
"sp|Q99KN1|ARRD1_MOUSE"	14.9537134998656	14.9060248498996	15.0085084600757	14.8705992598424	15.045067069789	14.9900675099014	15.6054916499486	15.4108156900079	0.962534267289094
"sp|A2APV2-3|FMNL2_MOUSE"	17.8938192599677	17.8361590001146	17.9460451898521	17.9178974999328	17.9373014899327	17.8693855100667	18.196543489913	18.2373260698937	0.962475619666476
"sp|O08528|HXK2_MOUSE"	19.2653543301098	19.2766249300731	19.3129977500011	19.3802418799002	19.3115463199675	19.3004506900267	19.6004823599485	19.5811264099286	0.9622518027248
"sp|Q9JJG9|NOA1_MOUSE"	17.2130424402139	17.1436687998363	17.2511416701545	17.1235730203009	17.2332038600127	17.2931562098227	17.5675251003512	17.5049186403306	0.961792463731298
"sp|Q9D903|EBP2_MOUSE"	19.3893959201	19.3329509099054	19.3499682999444	19.4543269000095	19.2586910299954	19.475400439916	19.8140526999406	19.8829654199902	0.961678160623452
"tr|E9QAN9|E9QAN9_MOUSE"	18.6618175901037	18.5258354398534	18.6422621098723	18.5960491399682	18.6430739799894	18.849648530005	19.1051228399646	19.1078833399642	0.9613990459321
"sp|Q99NA9|PCGF6_MOUSE"	16.3103938199195	16.3528016500276	16.4374524799802	16.2401492699391	16.3631881800771	16.4551463199301	16.8162618302981	16.7834561299942	0.961234881639059
"sp|Q8R2Q8|BST2_MOUSE"	14.103701800025	14.3158817699253	14.2466816100585	14.1473331603924	13.9601967895649	14.4115218201007	15.1870277199639	15.2751344099663	0.961077171557378
"sp|P63325|RS10_MOUSE"	21.6661059800593	21.6436611499164	21.7461511299725	21.6922329599837	21.6591964901524	21.7822381100521	21.9601154299423	21.9457335700605	0.960811314251829
"tr|J3QN89|J3QN89_MOUSE"	17.1358064904193	17.1353547002266	17.1454728901484	17.1935641695615	17.2327680601379	17.2961069197742	17.4998542601762	17.6499320599988	0.960543833203011
"tr|Q61635|Q61635_MOUSE"	22.0492640098985	21.9782041900272	22.0433450399342	21.940259400063	22.0688041498883	22.0656537799319	22.3415515499242	22.2899788898929	0.960373740808835
"sp|Q9DCH4|EIF3F_MOUSE"	20.3412192198747	20.4139827697128	20.4252253801762	20.4490051600482	20.395053939572	20.4883236495714	20.6765799798843	20.67434951028	0.960138506619765
"sp|Q61543|GSLG1_MOUSE"	19.0509854199605	19.2084526999288	19.095201049983	19.2053311900417	19.273576600015	19.2727128699404	19.6774576499449	19.7441332999492	0.959516234155754
"sp|Q9CZU4|ERAL1_MOUSE"	16.7046528593946	16.6975501194142	16.5671013099624	16.6578997402352	16.6955123403435	16.6488699104098	17.0718148699175	17.1490330703185	0.95823620836163
"sp|Q91VE6|MK67I_MOUSE"	18.3317223700025	18.0739284800296	18.2289524599763	18.3284033298134	18.2195933001046	18.2662178500999	18.7518416800181	18.7678370999256	0.958148566899861
"sp|Q9CYX7|RRP15_MOUSE"	17.4083935099754	17.2397493204399	17.3894726502104	17.393527729849	17.3108319701657	17.500413179747	17.8549327601183	17.7483917097173	0.957841147402396
"sp|Q8R3N1|NOP14_MOUSE"	17.4575011897623	17.3134465600855	17.3863978701174	17.477179509741	17.397195220147	17.5129882396423	17.7457902096875	17.7512264902772	0.957547689551672
"sp|Q6DID7|WLS_MOUSE"	15.9267829000269	16.0423870800423	15.9469922400115	15.9394345399709	15.9613650900446	16.105396269906	16.3451002200725	16.4122267499934	0.956872013071284
"sp|Q80XN0|BDH_MOUSE"	17.5423583202753	17.4660576100451	17.5767316997834	17.5281873902091	17.5999408096737	17.651960430222	17.8355403298321	17.8121219603131	0.95682739434907
"sp|Q640M1|UT14A_MOUSE"	19.9390963906295	19.8646154399467	19.9318103505226	19.9273581699334	19.8341384499423	20.000736629613	20.1917135899593	20.2181317203595	0.956721094261032
"sp|Q64514|TPP2_MOUSE"	20.1591941497839	20.1737153805354	20.180337559667	20.1994175998581	20.2779057304197	20.1977966302416	20.4368371904284	20.4890637604276	0.956634853191573
"sp|Q14BV6|YDJC_MOUSE"	15.1759170000708	15.2229240499846	15.2628285898342	15.1070249300369	15.1761608500643	15.2603748101544	15.6366937200846	15.5439274599166	0.956438167799017
"sp|Q9R1T2|SAE1_MOUSE"	21.4359265000601	21.42178720977	21.4286809398542	21.3736438802525	21.4938390301044	21.3980003298801	21.749163399938	21.7118879498858	0.956434520776204
"sp|Q9D1L0|CHCH2_MOUSE"	16.4855523900328	16.5233709699372	16.5579005500091	16.5948463499388	16.6489972400412	16.7461040803895	17.0596140304007	16.9630063400032	0.956340325699085
"sp|P21956|MFGM_MOUSE"	14.4496739498772	14.4407444099635	14.2228411196784	13.9359124398425	14.7320583002309	14.8863861899774	16.1785402200413	16.0377114400027	0.955019847117362
"tr|Q62293|Q62293_MOUSE"	17.3938778603821	17.3056436400987	17.4379367302814	17.4705645698182	17.5393421699765	17.6233610498273	17.9634650497536	17.8762083600405	0.954602418172082
"tr|Q62029|Q62029_MOUSE"	21.2504416297713	21.2296946797531	21.2500761398358	21.2468841598919	21.2989002801756	21.424305959775	21.5565956300227	21.6221260801915	0.954526579450128
"tr|Q3V117|Q3V117_MOUSE"	22.0222528999108	21.9168714698621	22.0154670898955	21.9741156500512	22.0011537598488	21.9343127398796	22.2954218299734	22.2690092699277	0.953945052849164
"tr|Q8BK35|Q8BK35_MOUSE"	16.6559328404336	16.4796656500536	16.6103533099303	16.7143345804038	16.578183370034	16.7105679706545	17.2616368502754	17.0535337195776	0.953796093347019
"sp|O35134|RPA1_MOUSE"	18.2533552897907	18.1720851898296	18.2677557298199	18.3209674499807	18.2531285199525	18.209676849817	18.5855895700164	18.5661103001584	0.953711059050771
"sp|Q8CD92|TTC27_MOUSE"	18.6934898001029	18.7086820700891	18.6640043599368	18.7298555098857	18.663704380086	18.6739213300691	19.0013423699299	18.9266777998952	0.953669114019399
"sp|Q9JI13|SAS10_MOUSE"	17.9696714400924	17.8735119499346	17.8886738999255	18.0002636101843	17.8232240700172	18.0045071698461	18.3009649098518	18.3427269400726	0.953524780973381
"sp|Q8BX17|GEMI5_MOUSE"	19.4725746899545	19.4979292499128	19.5122244200425	19.5195379200942	19.5053963999957	19.4425672200609	19.7944062500646	19.7525676400215	0.953096102143564
"sp|Q91V92|ACLY_MOUSE"	22.0213319699725	21.9116867900278	22.0132043800941	21.9718444900413	21.9970613798891	21.9306370501252	22.2952249900367	22.2682855901398	0.952881286595781
"tr|Q3UW83|Q3UW83_MOUSE"	21.4807619398711	21.3897614199808	21.5612497001818	21.4995450998282	21.4756422598738	21.6162969298599	21.8376510898454	21.8098150900212	0.952419733924715
"sp|P27659|RL3_MOUSE"	23.2445300300532	23.0805713900396	23.2019652599933	23.2272412799522	23.0824647399676	23.2356642800577	23.595946510113	23.5515922400855	0.952380896812504
"sp|O35973|PER1_MOUSE"	15.256940869867	15.2961846500204	15.3697820799066	15.3529824000445	15.4077681800154	15.457557759982	15.7321668701282	15.6440536699383	0.952246547654008
"sp|Q99LC8|EI2BA_MOUSE"	18.7106510599595	18.7579457098925	18.7356050898468	18.7139122500994	18.6677340999014	18.7774180000053	18.9745564799205	19.0779285300473	0.952037260639651
"sp|Q80UZ2|SDA1_MOUSE"	18.0150849001131	17.8914924499289	17.9468771498476	17.8633883500324	17.8151981602968	18.0451341800638	18.3763291498787	18.3620479099002	0.951281846420188
"sp|Q62393-2|TPD52_MOUSE"	16.1414904700693	16.1278617698993	16.1208734999428	16.2294904300403	16.2550158299654	16.5725547500178	16.9355858003927	16.8806735298685	0.950833795435595
"sp|Q5SSI6|UTP18_MOUSE"	19.0198043098982	18.8836552098704	18.9049157400733	18.9588970200826	18.9080947600224	19.0037014500857	19.2599203400816	19.1980409599928	0.950727668382426
"sp|B2RS91|RRN3_MOUSE"	15.9018615800227	15.9570112699753	15.9769683500702	15.8897629301176	16.1094921099963	15.9930171698984	16.3873522200729	16.3894062000355	0.949805039618358
"sp|Q6ZWY3|RS27L_MOUSE"	21.2803416202344	21.2594705802077	21.3846325998149	21.2252524998621	21.284640719912	21.3324336699611	21.5780203799626	21.5845174900459	0.9494803588786
"sp|P11798|KCC2A_MOUSE"	18.2549368599925	18.2403060800831	18.2071210498784	18.2489913098718	18.3508608300522	18.4355732700445	18.8809605899788	18.6572116700055	0.949476483547934
"sp|Q99K95|RTF2_MOUSE"	16.9428960201919	16.9259914495461	16.9906657304164	16.9731860305086	16.9485467404873	17.0975966799642	17.2306823095902	17.2114115603999	0.949424712316425
"sp|Q9EPK6|SIL1_MOUSE"	16.8125076500206	16.6638004101609	16.6968540901488	16.756984500433	16.7486523995286	16.7124416106033	17.0606398001085	17.0176477402773	0.948332103140061
"sp|Q91YN9|BAG2_MOUSE"	18.7357165600852	18.7561026798504	18.8004106200057	18.7513553700087	18.7212223901666	18.7191514898937	19.0603644800104	18.9878247999014	0.947892511543596
"sp|Q3TMX7|QSOX2_MOUSE"	14.8122796701429	14.6960290999513	14.6353220899431	14.7227746998801	14.7113614702242	14.855724080138	15.1659675298318	15.0692137698922	0.947355179538627
"sp|Q9DB42|ZN593_MOUSE"	15.286153969959	15.3967921999634	15.45943367016	15.302274039934	15.4233416199527	15.5182967201185	15.8165913899582	15.7858237100148	0.946937974973187
"sp|Q99LW0|ANR10_MOUSE"	14.8622257501359	14.7430815197704	14.7981970097746	14.7839246699781	14.8609601798371	14.7830196301626	15.1126094198931	15.0553056600434	0.946833455038967
"sp|Q9D945|LLPH_MOUSE"	16.5375062999367	16.4310516499557	16.4015322499567	16.543933200046	16.4722813799388	16.4495911400792	16.897554640566	16.8085111694858	0.946308877975396
"sp|Q8VHZ7|IMP4_MOUSE"	17.5358929498806	17.4548719399444	17.5890202098242	17.5566284796285	17.5196265702988	17.7268532898341	17.938976050075	17.8861482599525	0.946155229860883
"sp|Q61024|ASNS_MOUSE"	15.743328010071	15.657529999938	15.7611626499711	15.6960735798723	15.8292688699712	15.7804769801139	16.0453169001034	16.2188707500658	0.94614752097109
"tr|A2ABY3|A2ABY3_MOUSE"	18.3939392500789	18.4908800699656	18.3972053699396	18.4481999798762	18.4125106200407	18.4627871401567	18.682490760116	18.7735921798431	0.946022038927729
"sp|Q80Z60-3|ECE2_MOUSE"	15.3388927199114	15.5170863999726	15.3728439101543	15.2136838000588	15.2877662401207	15.5311453799207	16.0411971999043	16.0559891299927	0.945632340442965
"sp|P61358|RL27_MOUSE"	22.3482954399798	22.1380712299581	22.3767935499435	22.3474040900253	22.2841706201231	22.4425609099102	22.7551374500319	22.7189207200492	0.945201384071053
"sp|Q9WV70|NOC2L_MOUSE"	18.7983364800761	18.744437419906	18.7358655599794	18.8068738999203	18.7141264900798	18.6934486098794	19.119276090005	19.0771734399728	0.944094219598362
"sp|Q922E4|PCY2_MOUSE"	18.3851036899191	18.4876632699333	18.399093270194	18.4470606500129	18.417305899888	18.4856116398785	18.6698393601166	18.7569590198767	0.943744631903153
"sp|Q3U5F4|YRDC_MOUSE"	15.9459444698957	15.9934796799223	15.9896019599357	16.0544203999255	16.0697741300717	16.0819828899893	16.3056782399174	16.234142980053	0.943718083826881
"tr|J3QK52|J3QK52_MOUSE"	18.7851833598739	18.751187270066	18.7255841000232	18.7954101599761	18.7141345800547	18.7093554200807	19.1207818900045	19.0254867501192	0.943408229037999
"sp|Q9CYH6|RRS1_MOUSE"	17.5764753402584	17.3723321604037	17.5213110896279	17.630474189669	17.4392278798776	17.7158462502384	18.0427355201959	18.0346528102056	0.943245432877056
"sp|Q61672|S29A2_MOUSE"	15.1118492698653	15.2261743701093	14.9887759000043	14.9133477497997	15.1154169800951	15.1377421601969	15.9657298200929	15.7356631001167	0.942867572439476
"sp|P09926|SURF2_MOUSE"	17.9497452599872	17.8792765898862	17.9248168398246	17.951901700034	17.8311357199454	17.9119490601417	18.1899518100408	18.1599049899433	0.942730471851472
"sp|Q5SSK3|TEFM_MOUSE"	17.3026347000361	17.2671796895856	17.26203953996	17.317222199868	17.2823230200085	17.3914130598853	17.5250457400291	17.6866937800043	0.942355810071284
"sp|Q8C5Q4|GRSF1_MOUSE"	17.1521356297906	17.2568783498567	17.0806171501366	17.0691971404608	17.2073901303962	17.307850799744	17.6388924099965	17.6075881103185	0.941398694720683
"sp|Q5SW19|CLU_MOUSE"	20.2057769594813	20.2850014796886	20.2363964003592	20.2754840604441	20.1893508603885	20.1462758098881	20.6585229602316	20.6660233597374	0.940875133568422
"sp|Q3U1F9|PHAG1_MOUSE"	16.8840304804861	16.9074420803589	16.8494017202382	16.8058065605235	16.9327361003691	16.8838647703777	17.1229855504988	17.1233205498292	0.940764124155897
"sp|Q810D6|GRWD1_MOUSE"	19.1749697101187	19.1613317499794	19.0674812000008	19.0912009698848	19.2092183100004	19.1726551301056	19.4591053799708	19.6319562699581	0.939736265246814
"tr|E9QN31|E9QN31_MOUSE"	20.9233770696641	20.7380711097399	20.8668191696514	20.8594464396562	20.79732101037	20.9266369900477	21.1514618298695	21.1457720398324	0.939460809472289
"sp|Q99J09|MEP50_MOUSE"	18.5158267798851	18.4506396399022	18.3867933100862	18.4112240900352	18.4131479398108	18.5607803801817	18.7432231499534	18.8753179300291	0.939399249566571
"sp|O08715|AKAP1_MOUSE"	17.5975198503135	17.7155620301488	17.6392621101588	17.7117342797507	17.627643939776	17.7400217097899	17.9862011399318	18.1612599199328	0.939025149718109
"sp|Q9WTN3|SRBP1_MOUSE"	14.726848790173	14.6862527298148	14.8233882597887	14.5898063899596	14.7778682502121	14.764239430049	15.1753292000337	15.0917057601049	0.938933887337306
"sp|Q99K30|ES8L2_MOUSE"	15.8645649399927	15.940763529901	15.8821220599136	15.9621148299365	15.8720929499802	15.7974982099143	16.3460053200505	16.3470801399892	0.938828456086912
"sp|Q9DB15|RM12_MOUSE"	18.6388890700374	18.5610655701031	18.7148146701442	18.5500711600194	18.5253858299856	18.7257137400198	19.0749534799448	18.9638204900956	0.937661246457745
"sp|Q9JLJ5|ELOV1_MOUSE"	14.9309104801411	14.8752559597968	14.841892130017	14.9544009200626	14.9582491801578	15.1015675099549	15.3702074899187	15.2415704699178	0.937605610246686
"sp|P19182|IFRD1_MOUSE"	14.657367979958	14.4446540403192	14.5786569599035	14.5412752600416	14.4192511796816	14.3622592198446	15.2212375198822	15.3105028699543	0.937582888622459
"sp|Q4FZF3|DDX49_MOUSE"	19.0267019499122	18.8773161699879	19.0358422698956	18.9101621199728	18.9682480501388	19.1795873199263	19.3674108300491	19.4245879000149	0.937194215029334
"sp|O35678|MGLL_MOUSE"	16.8976997803074	16.9511177604895	16.9046451295222	16.7816904605804	16.9963606402604	16.9832991894996	17.2626304395421	17.3322664997794	0.9371531686086
"sp|Q9JIM1|S29A1_MOUSE"	18.0774349301493	18.1568524199333	18.1420282600031	18.1729852799412	18.1908116302057	18.3811093800581	18.54241498984	18.583383889995	0.936813859567242
"sp|Q6P2L7|CASC4_MOUSE"	16.8368710798093	16.8158262903389	16.8672285198898	16.9862138905549	16.979193269849	16.9516847500754	17.1971822698989	17.2283819696425	0.93632001195385
"sp|Q922K7|NOP2_MOUSE"	20.4264799197654	20.233871749809	20.3742546298572	20.3625719704283	20.3003875294475	20.4366765199176	20.6602520397671	20.6540289497864	0.936110502366232
"sp|Q9JKX4|AATF_MOUSE"	19.4174501099137	19.4923863399834	19.3896790199083	19.3940865898962	19.4493037700466	19.4405021599109	19.7438008800398	19.6530900400523	0.935839057877026
"sp|Q9JJT0|RCL1_MOUSE"	20.0353336395897	19.948263419779	20.0491134096489	19.9193691099297	19.9308850300476	20.0938268197269	20.2829734804797	20.2925951299452	0.9346534760711
"sp|P11983|TCPA_MOUSE"	22.4021291800577	22.372837870083	22.418573299976	22.3270417799644	22.4990662300671	22.4271220300821	22.6958007199375	22.6436643000704	0.93443062168757
"sp|Q8C2P3|DUS1L_MOUSE"	17.0028153199035	16.9376655598552	17.1763215901299	17.1259699696095	17.1172112102694	17.0819927301793	17.4342292398305	17.4922468798573	0.933905509447896
"sp|Q810V0|MPP10_MOUSE"	18.2474085400388	18.3201525600588	18.2345441298514	18.3490224400704	18.3517656300671	18.2937501198512	18.545678280129	18.6014075601373	0.932460619444973
"sp|Q6P5F6|S39AA_MOUSE"	16.893739730568	16.8182612000461	16.9317665904423	16.8614057604139	16.9168123601193	16.8377940996022	17.2587633301075	17.1219991998045	0.931558256092218
"sp|Q3TFK5|GPTC4_MOUSE"	15.7090002798991	15.6471076299832	15.710376979982	15.8380816899121	15.7413855699554	15.8232218099819	16.2341398000322	16.026893679964	0.930878034900651
"sp|Q9CWU2|ZDH13_MOUSE"	15.2345012101659	15.3345313699048	15.3872866300095	15.4073349099509	15.3067681200718	15.4262097600796	15.6943104399931	15.6230431699867	0.929790401897536
"sp|O88822|SC5D_MOUSE"	14.9945946398137	15.1176465198321	15.2451215598216	15.2406670501071	15.1424360500113	15.1802040599018	15.6311059701235	15.5488161299624	0.929612230249447
"sp|Q9D1E8|PLCE_MOUSE"	16.2740718299677	16.264324849917	16.3023292199624	16.1931114799758	16.2877635400349	16.2912293799363	16.6102975993074	16.4682282500385	0.929400036405482
"sp|Q8BZA9|TIGAR_MOUSE"	15.9099656701158	15.9609106199852	16.07824885007	16.1290650700055	16.1285895199971	16.1038121399391	16.461355159926	16.3965480100685	0.92935414239683
"tr|Q9Z1M2|Q9Z1M2_MOUSE"	15.1209742298496	15.101296610085	15.2426331798565	15.2094821000598	15.1595420500105	15.2212308398177	15.443325500027	15.3778623500916	0.927827953110543
"sp|P62245|RS15A_MOUSE"	22.7112995700782	22.5770451300909	22.739643949998	22.7051442900563	22.6363006599286	22.7487120900661	22.9372023700594	22.9266343700069	0.926911518379387
"sp|Q80SZ7|GBG5_MOUSE"	15.4184780898781	15.255774989825	15.6584556400116	15.610633040081	15.4819729100431	15.7713040799429	16.2386931500416	16.1191397199054	0.926523762560821
"sp|P20693|FCER2_MOUSE"	14.987516749838	14.6454207002219	14.8789687898059	14.8413510101356	14.9150631100421	14.7115815900741	15.4541166601205	15.7044265299329	0.926497993366225
"tr|Q8R5L1|Q8R5L1_MOUSE"	16.4766440500791	16.499737889988	16.5808203600231	16.333564460079	16.5458959300412	16.4959152900239	16.8742319303667	16.9202454099951	0.926150565930642
"sp|Q2YDW2|MSTO1_MOUSE"	17.4060122101532	17.5476165601429	17.4754039603565	17.5238365700015	17.5527852897582	17.5487260200447	17.7791713098127	17.9430225800845	0.926079398697635
"sp|Q6P5F7|TTYH3_MOUSE"	15.6562758701145	15.6748219900795	15.4736961899576	15.733532350066	15.7704025699374	15.8368333900828	16.2321609199528	16.1294575199597	0.926057077898297
"sp|Q9Z0H1|WDR46_MOUSE"	18.9612357000359	18.9385019400906	18.9672718701379	18.9199822500752	18.8469434298995	19.084288080056	19.3619004700946	19.2235636299139	0.925629685335903
"sp|P97351|RS3A_MOUSE"	24.8909907399458	24.7712866398261	24.9198848501679	24.8640337299185	24.8351852200865	25.0016725198001	25.1719330398358	25.1223815700115	0.925460666658187
"sp|Q8K363|DDX18_MOUSE"	19.6093349499705	19.4473372799417	19.5650005199763	19.5456783800404	19.441099970016	19.6172095799151	19.8292819199536	19.8374411499987	0.925441876234148
"sp|Q9QYA2|TOM40_MOUSE"	20.3327669402874	20.2860874805106	20.3009043298084	20.2842179402445	20.3015097501041	20.4984370102707	20.596580170193	20.6119824596099	0.924683053670486
"sp|Q9D4V4|TAF1D_MOUSE"	16.1372934599797	16.2227426300692	16.0904440099098	16.1291399600376	16.2306593500774	16.1775869900633	16.4770508700677	16.4105304900275	0.923483959165877
"sp|P68040|GBLP_MOUSE"	23.6170441198281	23.584452100085	23.5821215605389	23.4975994705924	23.6313054705488	23.5350250303423	23.8842743598426	23.8263148604768	0.923433772563208
"sp|Q3V1V3|ESF1_MOUSE"	19.1667262101056	19.2073117800432	19.1939089799117	19.1269275599783	19.2983311100765	19.1928565999953	19.4407462300302	19.5106044299168	0.922458553029439
"sp|P62082|RS7_MOUSE"	23.2717489906137	23.3028097294484	23.3232817006037	23.3471379400006	23.1913620299837	23.4055272202495	23.7741173998398	23.5874607497588	0.921787671812053
"sp|Q9Z0E6|GBP2_MOUSE"	16.5229685299786	16.3447044100408	16.4227037700201	16.4973395799254	16.5522353700026	16.556188029931	16.937287019537	16.7503669802678	0.92108820193485
"sp|Q9D0R4|DDX56_MOUSE"	20.0151445502948	20.0802117204232	19.9680921502361	20.010438090346	19.9535084999001	20.1416504000847	20.2875824702833	20.3720041305205	0.921046359712142
"sp|Q7TPV4|MBB1A_MOUSE"	22.234216530116	22.0690163298658	22.1640398700129	22.2511422000839	22.0637596900503	22.2019685298997	22.4830286900189	22.5046475299499	0.920028322454381
"sp|O09046|OXLA_MOUSE"	14.2413497899743	14.3268178698057	14.3242091702428	14.1078390898214	14.237586820091	14.1902612399907	14.6712284098423	14.7471247897548	0.918497994860401
"sp|P70279|SURF6_MOUSE"	18.7706563699357	18.5239865401421	18.642095090069	18.8098958799916	18.6171933800782	18.7511123000065	19.0826071099779	19.101542209929	0.918187269686512
"sp|P63028|TCTP_MOUSE"	21.8093901798068	22.0084537201254	21.8637696900429	22.0132916500855	21.8515796500208	22.0006235799042	22.3029480599203	22.441074869971	0.917929474804757
"sp|Q3THG9|AASD1_MOUSE"	20.8095106900733	20.8164041401448	20.7011329999793	20.7354241795966	20.6664631096908	20.645539360267	21.1741864797701	21.1701849601421	0.917338708358185
"tr|Q9D8U0|Q9D8U0_MOUSE"	15.4721096198977	15.3567495400894	15.3004604799058	15.4710517598785	15.2630550098503	15.4035635801658	15.8738176299393	15.7335617200059	0.916497571933836
"tr|Q9ESU7|Q9ESU7_MOUSE"	18.7853808900749	18.8900322599099	18.7384850898374	18.7484861699453	18.8882173601292	19.0028370299737	19.1816990100808	19.3555481900527	0.916467200690725
"tr|Q3TDV8|Q3TDV8_MOUSE"	15.7772921101254	15.7552141001062	15.7823279400235	15.6728965500872	15.7656883700184	15.9423862199101	16.0768509299145	16.0614947400733	0.916314630484032
"sp|Q6P5B0|RRP12_MOUSE"	19.5017521300424	19.3325983100318	19.3957994598965	19.493070500064	19.3555589700351	19.4181157299468	19.7320833400494	19.6888667200203	0.915705128106007
"sp|Q9JKB3|YBOX3_MOUSE"	19.4868457999109	19.5698257499221	19.5501860800853	19.3390139900169	19.5767842100246	19.6709711800527	19.9125197700208	20.0532851393651	0.915443625277313
"sp|Q00915|RET1_MOUSE"	15.5634174599576	15.4361127098402	15.3708936598611	15.5470384799054	15.6784571399407	15.5425396399335	15.9037403199928	16.0382140399483	0.915403421015449
"tr|F6SVV1|F6SVV1_MOUSE"	23.2641782803701	23.2944251593295	23.3131127705267	23.319520200646	23.1566536700293	23.3326645199574	23.5957826303642	23.5338761504464	0.915139313164825
"sp|Q9ERI5|JMJD6_MOUSE"	15.1509344301417	15.1262792401776	15.3031250100575	15.2941761000731	15.3061002900496	15.1884427998255	15.5793601801389	15.5566258099746	0.914158236018631
"tr|Q80X81|Q80X81_MOUSE"	19.6233372500498	19.5850811099407	19.5614363199296	19.5036754100362	19.5727751999967	19.6523752899737	19.9814885593514	19.7895494000044	0.913506881463202
"sp|Q8R0K9|E2F4_MOUSE"	19.3567089800404	19.2825501900449	19.2461215400589	19.3573402800974	19.4902929899093	19.3447988400585	19.6456587699423	19.7460628900325	0.912744729535593
"sp|P62908|RS3_MOUSE"	24.9843004901102	24.9145071700175	24.9957752099253	25.0084458598254	24.8383343000443	24.961860040005	25.2155133101464	25.2364063000332	0.911807835653867
"sp|Q9DBE9|SPB1_MOUSE"	18.4132320900585	18.2226499800039	18.3637690001927	18.4830557198675	18.1622870898614	18.4965194200443	18.8855915901254	18.817689060037	0.911673308626469
"sp|P56873|SSA27_MOUSE"	16.1394022400264	15.9944227199174	15.9962638700594	16.1935042999336	16.1903258100561	16.190019749926	16.4350634100715	16.4432484700201	0.910779234244011
"sp|Q91XS1|MTMR4_MOUSE"	16.5584118300355	16.4806204799432	16.6783796194252	16.7019519898886	16.6404441602558	16.4986124899724	17.0340073196582	16.9934316298109	0.91050873617703
"sp|P01872|IGHM_MOUSE"	19.8604596399702	19.7442238200068	19.7457997000151	19.6906228999696	19.7335414899573	19.6436331400161	20.1355064003631	20.1063291199468	0.909574184783309
"sp|Q8R2Y9|SOSB1_MOUSE"	16.2114527199851	16.0251755400759	16.2099825599689	16.2220651500185	16.1871660199715	16.3055638500712	16.4587427000176	16.478480300003	0.906504746555237
"sp|Q8BXL7|ARFRP_MOUSE"	17.2520057595671	17.169737749868	17.3345532299289	17.2696613103455	17.229826610279	17.4227905298985	17.5177906598961	17.5931608998729	0.906391998075363
"sp|Q9D8M4|RL7L_MOUSE"	17.2417814004569	17.1153577105	17.1908221403738	17.2743627695621	17.0085724094928	17.2636375801894	17.5964775900287	17.5401740902121	0.905688134098112
"sp|Q8R2N0|TAP26_MOUSE"	16.8164325896168	16.6585861394866	16.8055801605492	16.856139519446	16.7663704503447	17.0044882096927	17.1667816799172	17.1288428301953	0.904966782110106
"sp|Q9D7S7|RL22L_MOUSE"	19.5422123200924	19.4556920699563	19.6583630900045	19.5952758399647	19.44611774001	19.7128918300278	19.8785913199761	20.0092896501352	0.904503490436784
"sp|Q9JKB3-2|YBOX3_MOUSE"	19.6236204800542	19.5133692999788	19.619357709993	19.2594356200358	19.6694379999203	19.5575416799336	20.1617003600104	20.0815240005785	0.903663371675641
"sp|P09055|ITB1_MOUSE"	19.5166602699118	19.5033283299581	19.5833591899111	19.6672547300491	19.652900209915	19.6656194299266	19.8422967700695	19.8184843999497	0.902335442782447
"sp|Q9D0I8|MRT4_MOUSE"	20.5559541800965	20.3337621198601	20.5339691098472	20.4291896204642	20.4257353295937	20.4185581004758	20.8030526597342	20.7508073502358	0.902155966776039
"sp|P62274|RS29_MOUSE"	19.2172958800332	19.2193903500603	19.369127690044	19.2192605600628	19.2211437400799	19.3727636899441	19.4946814100115	19.5752056099588	0.900315604452981
"sp|Q99KU1|DHDDS_MOUSE"	13.8974433697171	13.9995181603127	14.1871948599036	14.134476920354	14.1487056696812	14.2872685101474	14.5262878700526	14.5288739202103	0.899171123740642
"sp|Q80UG8|TTLL4_MOUSE"	14.9034992699966	15.1058268498191	14.8920521002053	14.9909641301897	15.1563882400785	15.1100430200043	15.7554423999258	15.4220588099173	0.898909534074311
"sp|Q9JHU9|INO1_MOUSE"	19.5565462899436	19.6667584999755	19.5860355699276	19.639509310073	19.6075820100341	19.4847567799083	19.9203577399668	19.9703431700702	0.898815978655282
"sp|Q9D1C9|RRP7A_MOUSE"	16.3291718300633	16.3991208699792	16.2937168999788	16.3329008300598	16.3286605600794	16.5417804500128	16.6230897204501	16.7969682299389	0.898048413582618
"sp|P60521|GBRL2_MOUSE"	17.9721617600883	17.7820154598256	18.0894510801007	17.958699770283	17.9864035102699	17.9709065701152	18.3027110901997	18.2842038700668	0.898039929553165
"sp|Q8BFW7|LPP_MOUSE"	13.7125077994855	13.8351225303324	13.9922719003173	13.8742097296924	13.9968091799233	13.9073489804564	14.3003326001439	14.2356054003011	0.897813200623005
"sp|P62830|RL23_MOUSE"	22.0406807401238	21.8232499100928	22.0595334099457	21.9667022700504	21.8699040801587	21.9998555899477	22.3105693000807	22.2637027200616	0.897041755871231
"sp|Q9WV96|T10B_MOUSE"	17.3385317797053	17.3665877196457	17.6056427503091	17.3340206099553	17.4160532200932	17.5842078001494	17.8338313999002	17.8078581799641	0.893200521199169
"sp|Q3U2S4|OTUD5_MOUSE"	14.3164540599774	14.3454088797875	14.2278532398621	14.3648397203006	14.3011987299288	14.2449906698965	14.5411174901001	14.6656877099888	0.89272647846174
"sp|P47962|RL5_MOUSE"	22.2244119600611	22.090373429873	22.225464149868	22.3063905198687	22.1500629699484	22.2695557200643	22.4617452201109	22.4451226000836	0.889799188402081
"sp|Q9D0M2|CDCA7_MOUSE"	17.1318095701674	17.1735824895157	17.1303492199101	17.1533937898862	16.9783580598798	17.2027591102338	17.3846759898936	17.4578566996521	0.887517040122455
"sp|Q9CQT5|POMP_MOUSE"	16.2922542499135	16.2549764300091	16.4536130999806	16.3400984499851	16.3202669600772	16.2516816900052	16.849562970162	16.6035018599401	0.885747406917246
"sp|Q8C7V3|UTP15_MOUSE"	18.2951649098863	18.3084846998376	18.3723353002002	18.4257727101399	18.3654945901002	18.511841830146	18.5637287700187	18.6833049598781	0.88335607421162
"sp|Q9Z2G1|FM1AA_MOUSE"	16.3907679199998	16.33298450997	16.2843824799572	16.2934490199746	16.4240603699894	16.3095339800224	16.689884020101	16.5304122500089	0.880376688641547
"sp|Q3TYD6|LMTK2_MOUSE"	15.8873209000926	15.9572985999067	16.0490213799425	16.092150680047	16.0702071299301	16.0823641400573	16.2336015199494	16.3334364399877	0.878023085632774
"tr|F6U529|F6U529_MOUSE"	18.761921280072	18.7705764699138	18.6728063099573	18.659553290045	18.81581926996	18.7331920498773	18.927338029941	19.0308480099861	0.877817950403773
"sp|Q8BIG7|CMTD1_MOUSE"	16.4215491700052	16.3300606399537	16.4126339699927	16.5307476600152	16.4170512000135	16.3441893300851	16.6478367905615	16.7056475404391	0.876442977958567
"sp|Q99JR6|NMNA3_MOUSE"	14.1915198600598	14.3773977797815	14.3116500699165	14.3602361901883	14.3759641497325	14.4105644902407	14.5588177501559	14.6152809199632	0.876144162275368
"sp|Q91XL9|OSBL1_MOUSE"	16.5139896499291	16.3953329099197	16.4971972899455	16.568868699981	16.4084647699808	16.4097678799775	16.7190744405768	16.7262561597193	0.871716966194483
"sp|Q5XG71|UTP20_MOUSE"	20.1093766194254	19.9921318805726	20.0200169797367	20.1884112903128	19.9337153404259	20.0518886200695	20.3501188798839	20.3444103100069	0.869206799051155
"sp|Q8CI12|SMTL2_MOUSE"	15.6376773601246	15.7238419700574	15.5883310999869	15.7044475801001	15.565574359879	15.6382639498683	15.8564549400647	15.9306345400312	0.867854577575169
"sp|Q7TT45|RRAGD_MOUSE"	15.4434818599994	15.3034976899524	15.4653360098754	15.4154201000887	15.6078722499903	15.3966141301071	15.8220647800048	15.7049496699242	0.867376452140292
"sp|Q9D9K3|AVEN_MOUSE"	17.0368984598304	17.206746919655	17.0611395799962	16.9945018502341	17.0280162295381	17.0624673395535	17.4312945102001	17.31615957024	0.866875817016127
"sp|P97346|NXN_MOUSE"	17.6275213003064	17.5763566202344	17.6474815101498	17.6197329297334	17.5234499999684	17.4954232098332	17.8829458298821	17.7978274996877	0.861279734569967
"sp|Q8R5K4|NOL6_MOUSE"	18.2069612999507	18.3660872901098	18.334011470128	18.4419896201754	18.3519500101299	18.4432328701909	18.5807079299083	18.6223792200401	0.858110795312051
"tr|E9Q777|E9Q777_MOUSE"	15.5587877400256	15.5807760700832	15.4079699098882	15.5366942501232	15.6424862901267	15.5140033798627	15.775268379957	15.8310368400812	0.856203062700808
"sp|Q8BIE6|FRM4A_MOUSE"	14.6584137499731	14.67520508024	14.6590203497578	14.7537879602456	14.5905814702204	14.6165736100227	14.9627433298025	14.8288070401756	0.848025602412869
"sp|Q9R0Q4|MO4L2_MOUSE"	19.3915683699019	19.2700884200132	19.3784074699759	19.2928525101122	19.0822343999142	19.2693405000608	19.7093005499684	19.5949093399801	0.846506943494934
"sp|Q9D1G2|PMVK_MOUSE"	15.7856927100093	15.6873824099655	15.7578552399603	15.6022378598721	15.5999494401167	15.618484880001	15.9832325199826	15.9327625299083	0.845024456869136
"sp|D3Z7P3-2|GLSK_MOUSE"	18.7937317500921	18.7561410100473	18.7337101400444	18.6498818099751	18.8505130800918	18.6760608600107	18.9538566600004	19.0451920001147	0.841194970856184
"sp|Q8CAB8|GATL2_MOUSE"	14.1993886198841	14.3005666097595	14.3544512597103	14.3809279801956	14.3082076399217	14.1201253001232	14.8481386800681	14.5702915300087	0.833451494120022
"sp|Q9CQ28|DPH6_MOUSE"	20.0216883105122	20.1673786696466	19.9931706806516	19.972129449839	19.9680548993821	19.9016271199736	20.3074231996267	20.3660349103565	0.831317985292781
"sp|Q09143|CTR1_MOUSE"	14.7956085499451	14.8751942999011	14.9151957699941	15.1145304097994	14.9837242102049	15.08655207013	15.1931361098987	15.3994671399691	0.830173152538981
"sp|Q9CR89|ERGI2_MOUSE"	15.3356722298503	15.2917352401032	15.386849640032	15.4154044998948	15.3211471900812	15.1924113198339	15.5351568999046	15.5853209899051	0.799024609535509
"sp|Q9JM98|WRP73_MOUSE"	14.5555910200964	14.5412257997596	14.6315789798282	14.7690620000374	14.6772649102125	14.7287979200116	14.7913558300083	14.905787819979	0.786731484946125
"sp|Q9QXL2|KI21A_MOUSE"	17.5316531800629	17.5636784698623	17.458784619889	17.540531819658	17.521738219875	17.2935526302181	17.7888243397899	17.7618175897609	0.770322897458684
"tr|F8WIJ5|F8WIJ5_MOUSE"	15.1035742598611	15.2108747798789	15.1747741201901	15.1315627998843	15.003126400152	15.0312737797886	15.3973981900651	15.2948605500902	0.769148214662029
"sp|Q8C0D0|TRUB1_MOUSE"	16.4682370600777	16.4509454400377	16.4417405500625	16.4478995300356	16.2421878400553	16.3990576700301	16.6659887702341	16.5829007099622	0.767447702535057
"sp|Q9CWR2|SMYD3_MOUSE"	15.7073698999429	15.7229724000768	15.5680690800221	15.6547738400992	15.419582490153	15.4691734700651	15.9845785000177	15.8566125899914	0.742067574516029
"sp|Q9JIZ9|PLS3_MOUSE"	21.0491734001784	21.039519779754	20.8936749303053	20.711124979842	21.059958999862	20.890680649901	21.2333163602348	21.2278548501398	0.728625665755177
