X.GN.	X.Pr0B_0h1.	X.ProB_0h2.	X.Pr0B_1h1.	X.Pr0B_1h2.	X.Pr0B_4h1.	X.Pr0B_4h2.	X.Pr0B_16h1.	X.Pr0B_16h2.	a
"tr|F8WIV2|F8WIV2_MOUSE"	18.367195120028	18.39208336	18.4410035200337	18.3636941700131	18.1737715100051	18.1540949301862	17.0127578202987	17.0042344996463	0.998092248839209
"sp|P04117|FABP4_MOUSE"	17.1481861400613	17.2530062002659	17.2654043200497	17.1701455499332	16.9838711502856	16.899467129568	15.8166170799737	15.7682697599463	0.995563332834589
"sp|P97426|ECP1_MOUSE"	18.4280633400389	18.4350107400657	18.394394969974	18.4360155301571	18.2595325099072	18.1252151200837	16.8555843995446	16.8430571895103	0.995175380136496
"sp|Q9ERZ0|HEMGN_MOUSE"	16.2287285400907	16.327367689914	16.3407249300808	16.3174267500365	16.081933799928	16.1524237900939	15.4673084001457	15.3749643098465	0.995006774796695
"sp|P14901|HMOX1_MOUSE"	17.4313131903404	17.3339811503207	17.4169614803963	17.537547730328	17.3059690804055	17.2235952699842	16.1887571700115	16.1360898799642	0.994732133540767
"sp|P18242|CATD_MOUSE"	18.3344039398162	18.3605461400527	18.347871419862	18.3708850300289	18.3090905999321	18.3141345002103	17.7557311502499	17.7338863503141	0.994704138728348
"sp|P11247|PERM_MOUSE"	21.0868637601483	21.0662813599233	21.0964568897586	21.0782925797709	20.9744881599933	21.0762297002349	20.4277570400942	20.366252400325	0.994185597835327
"sp|P49935|CATH_MOUSE"	17.4715348202211	17.4934565300594	17.4995850802538	17.632963840131	17.3256971804374	17.2907864401061	16.4250968499795	16.4175852799527	0.994016138373191
"sp|P13707|GPDA_MOUSE"	19.012498589966	19.0496876100115	19.0398518300176	18.9854585101234	18.9198427098623	18.9568720299231	18.4333029500992	18.3261557101316	0.993838200905387
"sp|Q3TRM8|HXK3_MOUSE"	17.0822657097317	17.0706392297311	17.048528799792	17.0766895404478	16.962108469966	16.9365450602195	16.4388911799598	16.4582185999487	0.993706473764525
"sp|Q61096|PRTN3_MOUSE"	16.230915270039	16.2397248300156	16.2169849999321	16.197959670008	16.1707031400874	16.0610402899144	15.1924419499861	15.101844700063	0.99305056539881
"sp|P97425|ECP2_MOUSE"	17.2313052001351	17.0906950796437	17.2317936498388	17.2361783502428	16.9612229395805	17.1218661400332	16.2140728200151	16.1988651799734	0.992765431888712
"sp|Q6WVG3|KCD12_MOUSE"	18.8650727599767	18.9001917599926	18.9155910399954	18.8861711399341	18.8449547100569	18.8502104700337	18.369475629937	18.4075206000737	0.992745552612421
"sp|P54116|STOM_MOUSE"	18.4121268499041	18.3932947998876	18.5155135701512	18.4337799001967	18.3261418398219	18.3104639299371	17.8980091800552	17.8173143801805	0.99238846062818
"tr|E9PVX6|E9PVX6_MOUSE"	22.7856888499913	22.7161310401028	22.8159146999884	22.8065963499314	22.6932645299305	22.7315867500951	22.3341153501169	22.3335693200667	0.992323697542137
"sp|Q5SXJ3|FANCJ_MOUSE"	15.8288753099101	15.8007997700538	15.8197116099803	15.7792511500764	15.7395014600346	15.7684462700423	15.5043626398874	15.474236620081	0.991877654061547
"sp|Q8C2K1|DEFI6_MOUSE"	18.5360069100654	18.5091909600527	18.5347809300612	18.5253441600501	18.4972200199046	18.4494742401337	18.1980241500443	18.1311766900248	0.991681580832864
"sp|Q9D8H7|OMA1_MOUSE"	15.0390192202026	15.0590151601301	15.0771244401567	15.0605748699898	15.0087140399788	14.9490612397832	14.6731869299781	14.6017451801114	0.991633182166378
"tr|E9QMK9|E9QMK9_MOUSE"	16.378023539918	16.4230694700261	16.3954685200297	16.4020998699683	16.3681730700274	16.3658859099498	16.1342016900615	16.0892497099493	0.991376275315564
"sp|Q3UND0|SKAP2_MOUSE"	17.2831150595688	17.3414862797157	17.2928385301832	17.3598341001933	17.2613422997845	17.2490378698359	16.8698258697608	16.8483980702476	0.991253084165746
"sp|Q9ET01|PYGL_MOUSE"	19.6015607900699	19.5271919599538	19.6238730800891	19.6249249099681	19.440653519995	19.4540926999921	18.9520210199002	18.9817257399419	0.99113217936771
"sp|P48036|ANXA5_MOUSE"	20.5480442302856	20.5689855598303	20.5198912101009	20.5095295703366	20.4344461700845	20.4250560903563	20.0406734397813	19.9826850104897	0.990730296869178
"sp|P13634|CAH1_MOUSE"	17.3605471297974	17.3714291996664	17.4125423602193	17.3619050996235	17.0021749402656	16.9340215999342	15.8171907398893	15.8463499699261	0.990492549669644
"tr|O08692|O08692_MOUSE"	20.5301152502674	20.4714274203996	20.569075750167	20.5611679903435	20.4189940196039	20.5333209795293	19.9234433799432	19.9406899295962	0.989663372498931
"sp|Q69Z37|SAM9L_MOUSE"	17.6747016002529	17.6874615999469	17.7368392097249	17.7448259300052	17.6623459302976	17.6565400999753	17.3721804097427	17.3965246298813	0.98955030124047
"tr|Q80UR4|Q80UR4_MOUSE"	21.0633815599093	21.0079629196613	21.0438378299855	21.04888905969	21.0340259502342	21.0139994398064	20.4322866601846	20.4087584395275	0.989495157315407
"sp|Q9QWR8|NAGAB_MOUSE"	16.653195979558	16.6509703298116	16.6367353303398	16.6214437094362	16.4829703900281	16.6252579304054	15.6845811699379	15.7561206900311	0.989473767355699
"sp|O70445|BARD1_MOUSE"	16.7908099201521	16.7304318097809	16.7815407703808	16.8120829201921	16.7230267505387	16.7562159799141	16.454019899933	16.397242319964	0.989365603688061
"sp|P41245|MMP9_MOUSE"	18.7741916201377	18.8510387999112	18.7891666901242	18.8436944601478	18.767173209922	18.7345911799913	18.3624952699757	18.3210423601601	0.989201579416017
"sp|Q99P58|RB27B_MOUSE"	18.4574355799285	18.4352917898981	18.4233984001428	18.5030128500485	18.2950842400912	18.4021137601422	17.9242886198449	17.883163700232	0.989098423725272
"sp|Q9CQI6|COTL1_MOUSE"	21.3445628099857	21.4084281797903	21.4290037797635	21.380026870194	21.3580766801145	21.361762959823	20.9301135198665	20.9500240297618	0.988917277967605
"sp|P70248|MYO1F_MOUSE"	19.395485319965	19.3158910199391	19.340675200075	19.3589929899122	19.1716901600464	19.260676469927	18.7961200798897	18.7332252000184	0.988659134094859
"sp|P29391|FRIL1_MOUSE"	20.2897141204156	20.3458250400159	20.381806139896	20.4970098204105	20.2914352603805	20.2073093399128	19.5817636600499	19.5326215699093	0.988494443099166
"tr|Q8C7J6|Q8C7J6_MOUSE"	18.9076303500925	18.9551232499687	18.9025161200351	18.8644115200325	18.8427151298625	18.8328722599811	18.3465110301009	18.3693424999559	0.988067020840487
"sp|P02088|HBB1_MOUSE"	20.9692302499605	20.9005081698114	21.0677031702008	21.0147089597012	20.905922879995	20.8366423601174	20.4031203005122	20.3432463394784	0.987745735054045
"sp|P10605|CATB_MOUSE"	19.268337409978	19.174581580082	19.2383775499813	19.1756047699523	19.1155543999837	19.0496230400166	18.5717088801176	18.4223258001528	0.987694943980617
"sp|Q8BH61|F13A_MOUSE"	18.8250177899554	18.7364711901567	18.8374718698912	18.8880462999186	18.7106772899411	18.6896114500436	18.2475877498445	18.249202520009	0.987692578288166
"sp|Q3UP87|ELNE_MOUSE"	20.6675171797717	20.5582119603579	20.5871078097112	20.5312203001792	20.3735661697101	20.482650589527	19.7618577199935	19.5687568299673	0.987604824374622
"sp|P11835|ITB2_MOUSE"	21.1428289398505	21.1212741996972	21.1412047298343	21.089142069838	21.0097536003154	21.0211084302604	20.7096878498098	20.6081071300229	0.987594198026888
"sp|P06537|GCR_MOUSE"	18.1154938001353	18.1126108700935	18.181299539999	18.14263839019	18.1232097899377	18.1014483902364	17.8898468200081	17.862974639862	0.987565386842277
"tr|Q8CG29|Q8CG29_MOUSE"	19.3842295300956	19.3090483999589	19.3548251600394	19.3673003299299	19.1573292600789	19.264226780035	18.7932760099298	18.7553536098924	0.987502262337364
"tr|A8DUK4|A8DUK4_MOUSE"	21.4031238500202	21.3993437899284	21.5480401801483	21.4334720899605	21.3564718400479	21.2734289998141	20.8245511899048	20.7277109097026	0.987435565501788
"sp|Q8BG07|PLD4_MOUSE"	20.6454061800465	20.6278120904436	20.5603607904499	20.562846570125	20.4911391997376	20.5430535897711	20.0354935500525	19.9661212005525	0.987175745834044
"sp|Q9DAW9|CNN3_MOUSE"	20.0325107902116	20.0550002104473	20.0261039102489	19.9916736499549	19.9728351700611	19.9953816301192	19.7249515199968	19.7093667199358	0.986904030385107
"sp|P28293|CATG_MOUSE"	22.125770050111	22.1080179099214	22.2068328898995	22.0448554400659	22.0003901500782	22.1035698898968	21.4054542898288	21.410618749774	0.986806771329623
"sp|Q61830|MRC1_MOUSE"	18.0254063998384	17.994933509938	18.0366457999915	18.0235436401014	17.8472060202894	17.7969744003102	17.382592199635	17.3099769700478	0.986637413298281
"sp|Q8VBT6|APOBR_MOUSE"	14.9904036598919	14.959448250005	14.9898901801033	14.9914939799499	14.8077152499194	14.7437250701159	14.2545501498788	14.259359420155	0.986508437179579
"sp|Q9JMH9|MY18A_MOUSE"	21.4273605100061	21.5000671501922	21.4590688700063	21.5108771000096	21.4269841499535	21.4287928497693	21.1339062500584	21.1226530099121	0.986419749532083
"tr|K3W4L0|K3W4L0_MOUSE"	21.4273605100061	21.5000671501922	21.4590688700063	21.5108771000096	21.4269841499535	21.4287928497693	21.1339062500584	21.1226530099121	0.986419749532083
"sp|Q8R1M0|HMCES_MOUSE"	16.9151217300266	16.9755783496999	16.9355033603277	16.9514264500599	16.73581724018	16.8281614501709	16.1379360600863	16.2410719800281	0.986169688011824
"sp|Q60780|GAS7_MOUSE"	17.7663136399753	17.7318809202616	17.7839001102959	17.7482343598947	17.6981725897886	17.675395370177	17.4990691599418	17.4472314103658	0.986063115865682
"sp|Q8VCI0|PLBL1_MOUSE"	16.635680780139	16.6443815197077	16.647789199619	16.5387463400058	16.552632619957	16.4194065999991	15.4554038100675	15.579348599991	0.985189044570014
"sp|P08071|TRFL_MOUSE"	22.1253259900779	22.2090100598978	22.1392910198747	22.1851414100431	22.0710497100018	22.1622429001493	21.5323364400641	21.5768089500606	0.984864912236722
"tr|Q923L7|Q923L7_MOUSE"	19.867194509948	19.9157141200699	19.7507979699778	19.8074203900235	19.7480286399766	19.7850358200692	18.8396520898648	18.8227564600049	0.984795688862298
"sp|Q8BJ64|CHDH_MOUSE"	18.2944579900739	18.3931145298783	18.3228410898378	18.3121676898189	18.2644844101949	18.2031118101128	17.8379600498524	17.7837207200861	0.984621875826532
"sp|P48678|LMNA_MOUSE"	22.1352824400848	22.2239026600363	22.1122712198992	22.1102909999165	22.0497756599029	22.0227761000184	21.5634115999701	21.4671617397538	0.984307632270363
"sp|Q62465|VAT1_MOUSE"	19.6166771800306	19.593565569938	19.648367300014	19.5789493100641	19.4928892800124	19.5529403999527	19.2333431499367	19.1092764000313	0.984264559585916
"sp|Q6NVD9|BFSP2_MOUSE"	16.3503917699457	16.40644244998	16.4111320300366	16.1793779899377	16.2793696300264	16.1703806499344	15.0021235998835	15.0441084300268	0.984141352732257
"sp|B2RPV6|MMRN1_MOUSE"	15.3396021401388	15.4170657300379	15.4564336000786	15.4696305098948	15.1690094598498	15.2714652201047	14.7533688400658	14.6123775997867	0.98378408369657
"sp|Q3V0T4|ITAD_MOUSE"	15.5703666598523	15.5045642600922	15.6790220299463	15.6988412001214	15.5428048900844	15.5377795498838	14.9405204099095	14.7376239201075	0.98360211436316
"sp|Q9D8Y7|TP8L2_MOUSE"	17.2017229701963	17.1742794499093	17.2479372995781	17.1385287603416	17.0992469098699	17.135338959876	16.690165990414	16.7499557302029	0.983576585750881
"sp|O35405|PLD3_MOUSE"	20.0995063105395	20.2077407198287	20.1740207100909	20.025177099974	19.9886086897376	19.9400540097135	19.325854379945	19.3062344100099	0.983482241245669
"sp|O08842|GFRA2_MOUSE"	16.325831219966	16.3815631000402	16.4263035200576	16.4703746299274	16.3205233699222	16.3298662499964	15.8738336399755	15.9318869399893	0.983248739351306
"sp|P20060|HEXB_MOUSE"	19.4647664199958	19.4550715199044	19.4961336200369	19.4017783500242	19.4406845198994	19.4598330300829	18.9644681901203	18.9198409601354	0.983046398379623
"sp|Q62230|SN_MOUSE"	16.7515274099973	16.8968510299409	16.8194048397398	16.8732930496393	16.6072763899917	16.5815827699994	16.0185018500453	15.9652155201108	0.982779356149662
"sp|Q3UW53|NIBAN_MOUSE"	20.0812939606213	20.0952027205195	20.0780464893586	20.1150559400312	19.9390899695894	19.8991542300364	19.5389845599598	19.5272089199954	0.982612964327257
"sp|Q8BYZ1|ABI3_MOUSE"	17.3627329402389	17.3429870197035	17.3788274203799	17.3527817401683	17.3221856401603	17.384372000251	17.1024281200335	17.0592979096655	0.982424626115098
"tr|S4R270|S4R270_MOUSE"	18.9345570999525	18.9778918100527	18.9179136901125	18.9949845300978	18.9034645898899	18.8612444800702	18.5361031898425	18.5639918399602	0.982212715863388
"sp|P08074|CBR2_MOUSE"	16.1421227000457	16.0903252500833	16.1727625000046	16.0585004199069	16.0880430299633	16.042568089921	15.6754180000083	15.6745603299853	0.982061442324328
"sp|Q9D8X1|CUTC_MOUSE"	17.3595453399135	17.3362760897332	17.3678796896757	17.3509815897779	17.3782131896838	17.312025389634	17.0450974602414	17.0154336304505	0.981779539072281
"sp|Q8BMS9|RASF2_MOUSE"	19.8582373499859	19.9219517400717	19.9326911003532	19.9515327493567	19.8657632599423	19.9146103299672	19.5654330599308	19.5866766600815	0.981451310731353
"sp|P47713|PA24A_MOUSE"	16.7373048196413	16.7511649396412	16.8000612603062	16.7081950093735	16.6189587695722	16.5878140100634	16.2781065200273	16.2453651099095	0.981092640539013
"sp|D3Z6Q9|BIN2_MOUSE"	18.9482154199978	18.9887402599903	18.9205454700045	18.9959170801323	18.9065619100555	18.8559456000548	18.533049479813	18.557860329871	0.981040595117298
"sp|Q62523|ZYX_MOUSE"	17.4627430401036	17.5143639302228	17.4709221900086	17.4831069796695	17.2770244100055	17.2578954904543	16.7951752695542	16.8047865803416	0.980815519418472
"sp|P24063|ITAL_MOUSE"	19.7092235399338	19.7450999699498	19.7847953499659	19.8260717499667	19.7161652000338	19.683508949993	19.3434888201045	19.3895767099474	0.980762426417574
"sp|P49290|PERE_MOUSE"	20.0812258595313	20.067708299903	20.0978730402253	20.162382070185	20.0986625702127	20.0950599799111	19.7005823400607	19.6006269699764	0.980509871956727
"sp|O54890|ITB3_MOUSE"	16.440781969986	16.6343432496555	16.4897923099819	16.6723965493874	16.2169522399393	16.3732250699777	15.3992102301579	15.4567535599596	0.980488640544856
"tr|F8WHN7|F8WHN7_MOUSE"	17.7762182199609	17.8260623299689	17.8160915002614	17.7892582196855	17.7722615397009	17.711400880214	17.5274698203631	17.471081569627	0.980173213665842
"sp|Q6ZWR6|SYNE1_MOUSE"	16.1947434100682	16.228600919908	16.2341290400144	16.3077961899271	16.129540320034	16.1324960399473	15.8625311200193	15.8038456799519	0.980126979760136
"tr|Q923L6|Q923L6_MOUSE"	16.5913792899947	16.2582236599523	16.6315817293106	16.5691202899902	16.4149822899204	16.3693441899746	15.3526979998413	15.3567580998295	0.980034990899151
"sp|O35639|ANXA3_MOUSE"	18.2074715102341	18.2647088502078	18.2151500197998	18.1814856401289	18.1921288002193	18.0737292999222	17.6818944398089	17.5463434102743	0.979938730032347
"sp|Q8R2S8|CD177_MOUSE"	18.4396873599593	18.5481949601419	18.5214522399742	18.559199070073	18.4878660500247	18.4929639499586	18.0534730602533	18.0809726201243	0.979937944412127
"sp|Q64518|AT2A3_MOUSE"	20.9782668500425	20.9370212699886	20.9810276398498	21.0196881401569	20.9373871301489	20.8948791097818	20.7164929103503	20.6782405801353	0.979677848957154
"sp|P04919|B3AT_MOUSE"	18.6624212999282	18.7746950000649	18.768525940122	18.772249660142	18.5432266301583	18.5146552300505	18.0588463901764	17.8266764298148	0.97934348304262
"sp|Q7TPR4|ACTN1_MOUSE"	23.6548484103589	23.7439993304012	23.7303987003778	23.789261870337	23.6639728895056	23.6181437202895	23.3258271206198	23.2944480397545	0.979196514622401
"sp|Q9EQ32|BCAP_MOUSE"	21.0700513401014	21.1297790398559	21.0646614498476	21.069031859683	21.0320697302029	21.0179097398974	20.7634694202702	20.7825615597802	0.979023571378168
"sp|Q9JL62|GLTP_MOUSE"	19.4909471000655	19.5190203599771	19.5653564099882	19.510188649946	19.3945269000946	19.4052051199192	19.1720301499722	19.1104504699416	0.979000265612112
"sp|P47791|GSHR_MOUSE"	18.0795706501478	18.0460313098188	18.0505102398838	18.0276405798361	18.0354029297663	18.0006900797339	17.7420410902748	17.7806064496957	0.978964375579264
"sp|P39654|LOX15_MOUSE"	17.4174354799589	17.5438729902126	17.6228809498671	17.4649276601201	17.2949458498907	17.2437192897309	16.7118324301535	16.6281767499219	0.978865393681506
"sp|P43404|ZAP70_MOUSE"	16.3278453900747	16.3312913099736	16.3355086299718	16.2566406600697	16.3166488799958	16.3059840000319	15.8750479300848	15.8499723600258	0.978813961361288
"sp|Q2VLH6|C163A_MOUSE"	17.4062595597821	17.3670606302841	17.4123267899704	17.3938236400264	17.3007266098586	17.1512481003406	16.7909106200351	16.6236610004727	0.978271015738262
"sp|Q6PDN3|MYLK_MOUSE"	17.5727561499658	17.5868581601042	17.521784919764	17.5732692196598	17.5357187401969	17.4713975998545	17.1570316696439	17.1923402099236	0.977940925013056
"tr|D3Z627|D3Z627_MOUSE"	20.0514931803927	20.0825350805218	20.1168941693748	20.1744305205882	20.0521304098658	20.0069515494865	19.7005278100243	19.731237569993	0.977893140450126
"sp|Q80VH0|BANK1_MOUSE"	14.7974004301486	14.8242520301349	14.741572460133	14.8316596000167	14.7357707600673	14.5946695298762	14.185321479882	14.1714218402709	0.977598108010632
"tr|G3UVV6|G3UVV6_MOUSE"	15.4815686999222	15.574800590065	15.6065299500498	15.6443521301284	15.2698247599438	15.3999869398935	14.8375271701163	14.7670812201741	0.977287339476732
"sp|Q07797|LG3BP_MOUSE"	16.7119912894405	16.8114035702033	16.7654193299761	16.7643118600373	16.7663126395357	16.6448588693522	16.3105969000344	16.2386560599075	0.976680616866122
"sp|Q75N62|GIMA8_MOUSE"	17.8612195299182	17.87278402023	17.9839631598459	17.9410616297351	17.8786191099348	17.9054372902064	17.5940897298483	17.5600900300319	0.976545250622962
"sp|P10649|GSTM1_MOUSE"	19.9950974605797	19.9743475599229	19.9740370496984	19.9383470098572	19.952345260076	19.889532149983	19.6454985900388	19.526589330069	0.976135120059761
"sp|Q61419|CMAH_MOUSE"	15.7104669701128	15.7837662600183	15.7231422400059	15.7749458299219	15.7116720798742	15.7040180001171	15.3728152401693	15.4282412298707	0.976096295755286
"sp|Q9R111|GUAD_MOUSE"	17.8781830199738	17.9423064597668	17.8873320500017	17.8153908702929	17.8457383499071	17.8456640398143	17.4744132398467	17.3995220596899	0.97600749308883
"sp|Q8K124|PKHO2_MOUSE"	17.0518150497382	17.0229095705167	17.0713129997288	17.022247410378	16.9325885795388	16.8551240200278	16.599396390049	16.5566247000246	0.975666201053767
"sp|Q9WUT3|KS6A2_MOUSE"	19.6095724499423	19.5338865799791	19.5712042500436	19.5679359800536	19.476743260016	19.4996594200253	19.2995093700028	19.2753581800352	0.975438679402443
"sp|P21981|TGM2_MOUSE"	16.6130206600247	16.6859626197727	16.6690700101695	16.7689979404518	16.3532804600701	16.3942617800108	15.841786720116	15.6539014198667	0.975386077065751
"sp|Q9R112|SQRD_MOUSE"	15.0226560098272	15.0504046598887	15.10863832996	15.1067810399837	14.905247439806	15.0544163098124	14.6502412597845	14.5181971902729	0.975349375944191
"sp|P05555|ITAM_MOUSE"	16.5422803900464	16.5903171299713	16.6409017098351	16.6519389199653	16.5782710700434	16.6206664897052	16.2612868200505	16.2614842600548	0.97531251305217
"sp|Q08091|CNN1_MOUSE"	18.8929061201283	18.7982452300429	18.8591168800078	18.8886333798683	18.7340184000887	18.7340931400811	18.4549617200857	18.451476519958	0.97520867997991
"sp|P31996|CD68_MOUSE"	16.8162676099055	16.8233312294469	16.8466755494711	16.7145524106099	16.7210378202467	16.6607907105397	16.2929347199917	16.1160321399009	0.974938375544102
"sp|Q08093|CNN2_MOUSE"	19.0491109699751	18.9569960398591	19.0006851699749	19.0319694001154	18.9090587399641	18.8865236599948	18.5539223100884	18.6137611301143	0.974910380473773
"sp|P56395|CYB5_MOUSE"	16.4052919300248	16.4276907699919	16.4725808300277	16.369211200059	16.3795001099752	16.385579270073	15.9689534699789	16.0520882299216	0.974487815980883
"sp|Q6Q899|DDX58_MOUSE"	18.0631105201831	18.0426066997667	18.0824128800072	18.0798570800883	17.9911980902153	17.9865061899665	17.7521808103026	17.8163795800719	0.974339433780475
"sp|Q78JT3|3HAO_MOUSE"	18.34309037991	18.4221390299986	18.2780322999105	18.3294750300846	18.2235435301421	18.2587104401601	17.6096140303157	17.7356712002413	0.973718194810716
"sp|P29416|HEXA_MOUSE"	18.0067201001383	18.1868205097588	18.1017655699548	18.126529699912	18.0191696202492	18.0630557599844	17.4515417401301	17.5452307000932	0.973592850442879
"tr|F6XWB2|F6XWB2_MOUSE"	21.3730586398196	21.3891467400962	21.4710696699492	21.2111840898218	21.195683450206	21.2229252297552	20.6145940595693	20.6258916802699	0.973465151851094
"sp|P50429|ARSB_MOUSE"	18.5216701801828	18.4961177898678	18.5450810099423	18.4485310899865	18.5099134901886	18.3358431798231	17.9659387997338	17.9211791598626	0.973396381911108
"sp|Q8BSY0|ASPH_MOUSE"	16.9491855894677	16.9250107503928	16.9907903596294	17.02738189017	16.8980432695435	16.8636634200961	16.6474963399869	16.6481377003279	0.973026930063626
"sp|Q07235|GDN_MOUSE"	16.197024080004	16.0787262099327	16.0856744300254	16.1713098599564	15.8486001299319	16.11034766009	15.3581199601656	15.0809830500509	0.972551505379835
"sp|Q8VC28|AK1CD_MOUSE"	16.4620781300614	16.446866670061	16.4956636599374	16.4468479000077	16.2990961599222	16.3791428699581	16.0463265900361	16.0905502200678	0.972538193098179
"tr|D3Z512|D3Z512_MOUSE"	17.1237154796045	17.1383828302928	17.1378368999266	17.0085881796518	17.0574525896446	17.0400544600485	16.6612542005552	16.6656059697059	0.97209351687793
"sp|Q921I1|TRFE_MOUSE"	19.2420459600272	19.3636417599733	19.2327808901155	19.2888505898965	19.2022645300626	19.2754691000374	18.8381351098532	18.8156017901225	0.971757327091781
"sp|Q9QUM0|ITA2B_MOUSE"	15.5520461899938	15.7214139698869	15.7899467399076	15.7668921099572	15.5031353399398	15.5543935500448	15.038871249799	15.0355697402124	0.971525759541776
"tr|A0A075B6A3|A0A075B6A3_MOUSE"	20.2589733203728	20.3305374397409	20.2168493694138	20.2494928597426	20.2860510797807	20.1301490394341	19.70054973001	19.625944379969	0.971414479461565
"sp|Q8VHL0|UT1_MOUSE"	16.0379617600884	15.9337607098882	16.0638267099188	15.9485097700777	15.7930368900078	15.8130998598913	15.4533197801185	15.3471647398683	0.97121796474436
"sp|Q02357|ANK1_MOUSE"	16.121613859918	16.1185219400334	16.2308557099419	16.2107708600595	16.1517868899133	16.1874249100232	15.758762319958	15.5956728498589	0.971097337157783
"tr|D3Z5M4|D3Z5M4_MOUSE"	16.121613859918	16.1185219400334	16.2308557099419	16.2107708600595	16.1517868899133	16.1874249100232	15.758762319958	15.5956728498589	0.971097337157783
"sp|Q9Z183|PADI4_MOUSE"	15.8420942098952	15.7691230199683	15.884558120005	15.8611968200454	15.746631170086	15.6990671699667	15.3349158500487	15.0483707099719	0.970924876856925
"tr|F8WJE0|F8WJE0_MOUSE"	19.9065473399983	19.9750221703013	19.8752582499398	19.8832475200414	19.8487049099655	19.8039613700115	19.5171485000609	19.5234706400105	0.970922924233191
"sp|P70704|AT8A1_MOUSE"	16.7824117095667	16.7583449304787	16.8390161903539	16.8273520895125	16.6884851405531	16.6863124305593	16.489316670029	16.3719961000107	0.970625208871327
"sp|O08739|AMPD3_MOUSE"	15.8574131000881	15.9035902399572	15.9130045400518	15.8516472799615	15.7575860100515	15.7253368199697	15.4845914099085	15.4714605800774	0.970600676782938
"sp|Q60710|SAMH1_MOUSE"	19.9130094800597	19.9817228706502	19.8842625400142	19.8929064600716	19.8448716399527	19.7991489999528	19.5164823599913	19.5229673100662	0.970415766388205
"sp|Q62192|CD180_MOUSE"	16.1516319099344	16.172726979966	16.2650152300852	16.2611239300079	16.165891610079	16.0681519799652	15.8127248098942	15.6697953599994	0.970327953755147
"sp|O70138|MMP8_MOUSE"	17.9868292297459	18.0043018801082	18.0160517400953	17.9507377898152	17.9974075501324	18.0125075699231	17.702709979869	17.6799777097918	0.970153678189365
"sp|P01027|CO3_MOUSE"	19.75432811002	19.7606759799367	19.699049940025	19.7452316799454	19.6245723400666	19.6186990499776	19.3563479499373	19.182192370108	0.969967980477792
"tr|B1AUY3|B1AUY3_MOUSE"	17.8389523299877	17.7939263199678	17.819937949923	17.8645638097974	17.7497388500464	17.7034751401459	17.5097477200761	17.512335890155	0.969934778803202
"sp|Q3U5Q7|CMPK2_MOUSE"	17.8472939698891	17.8948206201387	17.895066439716	17.8286425996912	17.8052594503008	17.7993205700179	17.5172595601914	17.5871716098181	0.969912776744454
"sp|Q3UQ44|IQGA2_MOUSE"	20.682317510219	20.6282741198487	20.741826960184	20.6759371500023	20.6071736402875	20.5809896995674	20.4000670799563	20.348730729976	0.96953529468171
"sp|Q60787|LCP2_MOUSE"	16.4405639899279	16.5124424000172	16.4336961700045	16.4842873799741	16.4169090000523	16.3367666599339	15.9688112599646	16.0537411900274	0.9694545401857
"sp|Q60604|ADSV_MOUSE"	15.1955084798935	15.3284005101138	15.2265869400071	15.2350526400767	15.1604305001233	15.2268618900992	14.8532597299003	14.8490189602343	0.969400634088295
"sp|P22437|PGH1_MOUSE"	16.6481250902189	16.5587928399924	16.6139226696777	16.5765398300263	16.5724324299335	16.6598923301482	16.0557363100764	16.1079926199935	0.969198675834279
"sp|P35441|TSP1_MOUSE"	18.2231960499633	18.2639933397965	18.2987183202101	18.3419094099326	18.1598130901598	18.1133046200124	17.7682087402347	17.4798481397565	0.96877531566658
"sp|Q91WN1|DNJC9_MOUSE"	23.2349796300479	23.1701743000167	23.2728524895736	23.2075003199885	23.1228263900714	23.1959265499789	22.9613500600813	22.9189392899666	0.968235168304992
"sp|Q99KP3|CRYL1_MOUSE"	16.8603707205531	16.8178956805669	16.8317301705193	16.7463047797648	16.7136136205669	16.7829998400881	16.4791172099515	16.4610719199914	0.96813267767269
"sp|P97315|CSRP1_MOUSE"	20.3518822297086	20.4402253595722	20.3692640300075	20.3153799104291	20.3511800705263	20.2420111502228	19.9140321599817	19.9098238699821	0.967970681348969
"sp|Q8C9V1|TB10C_MOUSE"	18.9803787901335	18.9027829400657	19.00149722006	18.9764708299046	18.7912374800843	18.8514412599935	18.5732232299982	18.5443100698301	0.96773003387244
"sp|P07356|ANXA2_MOUSE"	19.3687389300275	19.2779183099997	19.3773660901027	19.1562412399838	19.2304670600142	19.171371220025	18.6570010800413	18.4311900798015	0.967496844392843
"sp|Q9WUU7|CATZ_MOUSE"	19.1267156500975	19.1464365400616	19.1885014300877	19.1420796499259	18.9254015299131	19.0410352900589	18.6577586999488	18.6821437500593	0.967263704793979
"sp|Q8R316|HBP1_MOUSE"	14.2919881702147	14.2302172499995	14.3022560897645	14.2290172998642	14.0415976398799	14.1152368302246	13.6905112900159	13.7561890796688	0.96667499008712
"sp|Q9D7Y9|SLX4I_MOUSE"	13.8499369497822	13.9663197596606	13.9711397898196	13.8941562896398	13.8911547000955	13.936404579849	13.5556241605667	13.5504329302099	0.96656216785754
"sp|Q9R0G7|ZEB2_MOUSE"	20.4286645602952	20.4807218603259	20.5100870900854	20.5082962600765	20.4741993603619	20.3737034496777	20.1329576797291	20.1688094598289	0.966517819248969
"sp|P33174|KIF4_MOUSE"	19.809478810023	19.7333438199752	19.8139681000072	19.7869148999275	19.7254272399714	19.7963329999614	19.536963530068	19.4319302999275	0.966470146327774
"sp|O35601|FYB_MOUSE"	16.0654295100907	15.9911945200948	16.0438035200833	16.0392658700173	15.871191349952	15.7173325300377	15.3878502399853	15.2121773101848	0.966102666346052
"sp|Q9JHD1|KAT2B_MOUSE"	17.4185798097487	17.4631570497666	17.4349147396982	17.4757427200588	17.2891844900253	17.3381471899443	17.0466748995079	17.0856516604193	0.966084711931332
"sp|A3KMP2|TTC38_MOUSE"	18.54409846992	18.5030342800703	18.4896057899633	18.4545353800088	18.351148329895	18.3099034498339	18.0450128198937	17.9835968999176	0.965863396042545
"sp|P50172|DHI1_MOUSE"	18.4978934398731	18.5445772200913	18.4381053900388	18.3392824401667	18.22827237014	18.2965933800222	17.8053266600103	17.6207183002503	0.964973108834144
"sp|Q08642|PADI2_MOUSE"	18.4105991400941	18.4941070899421	18.3758883901546	18.5029363200907	18.3640325500033	18.357173369906	18.0340671001622	18.0547535597817	0.964966302450024
"sp|P10107|ANXA1_MOUSE"	21.866379249932	21.9418848501093	21.9131846899914	21.9382882499437	21.7963404799163	21.9771898399532	21.4042264897445	21.4626680697949	0.964645115239908
"sp|Q6ZPG2|WDR90_MOUSE"	15.7714874100169	15.8229271499462	15.8936029499593	15.9299606299734	15.8026735899168	15.7972852499859	15.5043168001049	15.5203372800111	0.964274894060992
"sp|P16045|LEG1_MOUSE"	22.0893777498777	22.0534539001455	22.1573133398626	22.0302601200757	22.0579514101338	22.0533020699333	21.7817893901251	21.7972585998206	0.964188895120611
"tr|Q8K426|Q8K426_MOUSE"	15.2739795198187	15.1798148698576	15.2893243500407	15.3017996698882	15.169656009859	15.2848504801249	14.8994904698921	14.9140445098652	0.963942394395305
"sp|Q9EPX5|FXL12_MOUSE"	15.9468323399225	15.8506003101012	15.8525208199981	15.6747647798632	15.7622499200637	15.7148588200918	15.1705979401376	15.1058569099451	0.963823056570737
"sp|P08905|LYZ2_MOUSE"	19.6218389499504	19.6661545599886	19.7175703199854	19.527865209981	19.6331160400781	19.6441736900414	18.9540582600589	19.0473951698793	0.963586984473534
"sp|Q61559|FCGRN_MOUSE"	16.8833683194092	16.9593000997348	17.0304044202411	16.8777326398051	16.6317572093367	16.5723641900268	16.1106553000435	16.0082877799714	0.96352584269025
"sp|Q921U8|SMTN_MOUSE"	16.4390894199664	16.4557643900755	16.4656010500542	16.4804385600108	16.2031906699753	16.2540196299739	15.8093686500748	15.8927260399953	0.963419347870205
"sp|Q6NZP1|ZRAB3_MOUSE"	16.3107648599351	16.2559015299968	16.3324998299255	16.3249932299499	16.2980866900817	16.249460550004	16.0943146899936	15.9913562599038	0.963338634910641
"sp|Q9JL95|PRG3_MOUSE"	14.5213910497311	14.4885211997904	14.4810345501253	14.7193202399561	14.319387900091	14.4324386401277	13.9113703397648	13.8433976301052	0.963183445125914
"sp|P97814|PPIP1_MOUSE"	17.6863565397936	17.7716377897337	17.624087199957	17.6440212900122	17.6061781297	17.6227728001343	17.2755709403159	17.2621826596358	0.962924207126311
"tr|H7BX49|H7BX49_MOUSE"	15.6789134701086	15.7717516699913	15.7928823399235	15.8392705599238	15.721201140077	15.7451455099805	15.4123917700156	15.4454074501265	0.962892166115145
"sp|O88593|PGRP1_MOUSE"	17.0528656799615	17.0883335295534	17.0742058202958	16.9875746899573	17.0082719196333	17.1018528501936	16.5069935999531	16.5970611200357	0.96250715142251
"sp|Q9CQX0|OTUB2_MOUSE"	17.2873267497316	17.241422689781	17.3142521797868	17.3320015298443	17.3331977402131	17.2476243995974	16.9937712102845	16.9990700397265	0.962099596876268
"sp|P14069|S10A6_MOUSE"	17.2071059103258	17.1464014696208	17.3821932999148	17.2605241198981	17.0365507099411	17.2253614598819	16.7113609396934	16.5333688800579	0.962082413229394
"sp|Q7TNG5|EMAL2_MOUSE"	16.563884800043	16.4886165400587	16.5105147899947	16.4916984000071	16.4896865800038	16.390809750056	16.1187815200903	16.175317559931	0.962020887791158
"tr|E9Q616|E9Q616_MOUSE"	19.0430225401285	19.2156346200368	19.1033723501185	19.1579149000193	19.1080402301129	18.9215545300215	18.4907769100143	18.5245958300059	0.961382523042336
"tr|E9Q2Z1|E9Q2Z1_MOUSE"	18.5493384001218	18.590147680126	18.601067890135	18.610430540079	18.6401007700367	18.5443279700702	18.3085747999218	18.2872728099736	0.960827494053698
"sp|Q61704|ITIH3_MOUSE"	15.8219694001108	15.9559265299033	15.7556473199796	15.8948573300881	15.7000019199794	15.7022269399298	15.187303290167	15.2704540799014	0.960733268601171
"sp|P48754|BRCA1_MOUSE"	17.1531839902637	17.192277390383	17.1845555997429	17.2150909199189	17.1664486701705	17.0434834199832	16.8212172301529	16.858987519586	0.960500142946279
"sp|A3KGF7|PLCB2_MOUSE"	16.9163787203252	16.8770637097365	16.8846817801718	16.9950320201778	16.7572870099949	16.7491125601685	16.5052222800418	16.3915671500822	0.960193423115863
"tr|Q99LB4|Q99LB4_MOUSE"	20.4903801198251	20.5290111201401	20.4800329803057	20.4150796904777	20.4558665496459	20.438650499681	20.2115357696665	20.1306955796308	0.959811733396327
"sp|P11032|GRAA_MOUSE"	17.3438191996582	17.4466424299455	17.447368509903	17.521723529728	17.221932619853	17.5282839100843	16.6952459199163	16.762209419671	0.959369634976548
"sp|Q91X52|DCXR_MOUSE"	17.0643498797366	16.9914084401905	16.9415238702518	16.9877012904922	16.9395705302965	17.0213887100329	16.6321547903689	16.6427613395042	0.958325520825926
"sp|P13020|GELS_MOUSE"	21.7078169001343	21.7816559201415	21.6399216101555	21.7299455098604	21.645365250096	21.4995384899229	21.2250643400608	21.1118174098714	0.956305901219521
"sp|Q9DBA8|HUTI_MOUSE"	15.0504916401037	15.0105110900443	15.1377629400189	15.1446629798534	14.9490845599139	14.950075590198	14.7285155397491	14.6752144601899	0.95622214676904
"sp|P08032|SPTA1_MOUSE"	15.4702792801262	15.5894936199111	15.5995919799952	15.6158442799309	15.3939614498815	15.2442728498424	14.9430197298753	14.7064859802446	0.95598132824197
"sp|O35892|SP100_MOUSE"	19.7885636299627	19.6592019000063	19.7148909199379	19.6968705299438	19.6000608599663	19.6463637699595	19.3288154399093	19.3889874999103	0.955931813370659
"sp|P70218|M4K1_MOUSE"	18.4672520899631	18.4918239501828	18.5402128600502	18.5304364599937	18.4236576801818	18.4308089600611	18.3012744900502	18.1923888801578	0.955746714866935
"sp|P63254|CRIP1_MOUSE"	21.7717287899064	21.764159249811	21.8741590300183	21.7643874298372	21.8127596501373	21.8241640598911	21.4774885599034	21.4756056499122	0.955631535982969
"sp|P42228|STAT4_MOUSE"	17.9545867598359	17.8092212602319	17.814789130085	17.8403744199433	17.6653098699861	17.6840269897396	17.3787121599253	17.2308344004052	0.955596977149909
"sp|Q9Z2D7|MBD4_MOUSE"	16.4358609300105	16.2895571599869	16.4834503000741	16.4271810900448	16.1484820999202	16.3090272799411	15.8964181399111	15.7900684199357	0.955219656237859
"tr|B9EJ86|B9EJ86_MOUSE"	18.1851522502205	18.1120421000179	18.2589010402125	18.1743146502406	18.1603999597894	18.1323523599609	17.9348517199712	17.9092370201438	0.954842057966897
"tr|Q8C405|Q8C405_MOUSE"	19.7824659899915	19.6422881200808	19.717677109938	19.7125114099609	19.5885725600489	19.6350776699858	19.3386342599374	19.3805320299814	0.95477727730929
"sp|P99029|PRDX5_MOUSE"	18.7474358599693	18.8003802100622	18.7537129898898	18.8592552001251	18.5741567200312	18.7707935200322	18.2318337600056	18.3225033798584	0.954164415281116
"sp|P48379|RFX2_MOUSE"	16.9337389802318	16.9895700603765	17.0218912602327	17.0727534402584	16.9397984196805	16.9311675297751	16.7586250798875	16.7012892499734	0.954046684433875
"sp|P23953|EST1C_MOUSE"	16.0226630599636	16.0984054699884	16.0906084700849	16.0403720900704	15.5332131000076	15.5688675700262	14.9940016101919	14.6434754698052	0.954043458938649
"sp|P11672|NGAL_MOUSE"	19.7373481099704	19.7215986700459	19.7634423399385	19.7959419300723	19.7494000700121	19.8397021099839	19.1792785699193	19.3126999000102	0.953497761178925
"sp|Q9CY64|BIEA_MOUSE"	19.28835600999	19.224505270046	19.2801513300685	19.2450542399107	19.147707510044	19.0891410300558	18.8984751699787	18.9055814299561	0.953424271397229
"sp|P31725|S10A9_MOUSE"	21.8626771299275	21.8945893798351	21.8841162000987	21.8859613301259	21.8447814398391	21.9800276400728	21.33802116023	21.4520437300311	0.95319805575809
"sp|Q3UBX0|TM109_MOUSE"	19.9986511894233	19.9728010502682	20.0815829302001	19.978784350206	19.8930771200064	19.9627177693587	19.756844069921	19.6572808899591	0.952751218357737
"sp|Q91WN4|KMO_MOUSE"	17.8622175701506	17.7318371300423	17.9101413501583	17.8655905901192	17.8450602301711	17.7961243199218	17.5038882599465	17.4951115803162	0.952745682169046
"sp|P30355|AL5AP_MOUSE"	17.9889561899241	18.1027969698688	18.0626567399341	17.9818931001164	17.8514635700468	18.0786834002237	17.2509152504332	17.4496069699205	0.952627143418817
"sp|O55098|STK10_MOUSE"	20.56002519025	20.4227821799814	20.5572266702389	20.5323699997694	20.4251340895146	20.4481433401572	20.2441123794792	20.1563036204439	0.950907186570771
"sp|P70665|SIAE_MOUSE"	14.6776493900182	14.6752706299801	14.6541807498308	14.5964479601885	14.5707350597116	14.3185822396744	13.9536842900377	13.9883867398372	0.950460989589793
"sp|Q8BY35|FGD2_MOUSE"	15.4035197400388	15.342026140168	15.403275949893	15.3308849299205	15.3033367401104	15.2607449299544	15.0397899300467	15.1076932899037	0.950038895734315
"sp|P53657|KPYR_MOUSE"	20.0321163805595	20.0187097698236	20.1183709305278	19.956395139805	19.9201303000506	19.8449071700508	19.6184290699284	19.5821860799985	0.950033930752185
"sp|Q61646|HPT_MOUSE"	16.1344162400119	16.2344347399268	16.2349984199996	16.2623647099465	16.1529057499457	16.265679240078	15.849713970052	15.8982520699423	0.94978439816737
"sp|Q9JI75|NQO2_MOUSE"	17.1351867204681	17.2494370299922	17.174674829994	17.2257552897958	17.1629011496525	17.2382556196663	16.9210016500965	16.8579851999051	0.949312299109806
"sp|O89023|TPP1_MOUSE"	17.9579041900726	17.8879164400477	17.8775942501429	17.8099317198973	17.9109229801337	17.7240545398094	17.4296284201674	17.3524759702538	0.949286083340878
"sp|Q9DCJ9|NPL_MOUSE"	16.926553350363	16.7831725696644	16.9444290800612	16.6813173893718	16.7424343702862	16.8770085997259	16.2505267499304	16.1628278099598	0.949245632192746
"sp|Q80VQ0|AL3B1_MOUSE"	17.2017392497244	17.2622584398635	17.2647720100565	17.2791935896905	17.0963534997503	17.2064899902131	16.9492979501095	16.7489403803003	0.948903902313152
"sp|A2AIV8|CARD9_MOUSE"	15.1568050100943	15.2859118799916	15.2577236699922	15.1427878901816	15.1389083201281	15.1488519101289	14.7819393601528	14.8668505701342	0.948751480529858
"sp|O70165|FCN1_MOUSE"	14.7939951301398	15.0120839100798	14.9692251800698	14.9450424002025	15.0040978899792	14.8405858200712	14.0032067996436	14.239191810022	0.948663491294069
"tr|E9PWH2|E9PWH2_MOUSE"	15.7394531799781	15.8223470599408	15.6991732899467	15.7421387099646	15.7483560698716	15.7235313901134	15.4960354898557	15.4333153900863	0.947484306062076
"sp|P43430|MCPT8_MOUSE"	17.7132565603315	17.6347971002243	17.66851267987	17.6683456798067	17.7257176097212	17.6849260498802	17.4132461301891	17.3414707604075	0.947433755974657
"sp|Q9D517|PLCC_MOUSE"	16.1714863499193	16.199252870076	16.211848770045	16.2555692400627	16.1353171199178	16.2708064099472	15.9490933599385	15.9230852499959	0.947202674678183
"sp|Q61093|CY24B_MOUSE"	17.9848765600119	17.8521199998905	17.9818336800738	17.925449280285	17.9376395701804	17.9224790600871	17.6824560901283	17.5923549503095	0.946925331507421
"tr|E9PV38|E9PV38_MOUSE"	16.8526630795477	16.8926337897519	16.6960390004403	16.6575881396719	16.4892040600373	16.5006199499608	16.0343746099577	15.8825497499484	0.946787775213693
"sp|Q9QWT9|KIFC1_MOUSE"	19.0826160399974	19.0365586399853	19.058309120031	19.0002801999435	19.0248078100661	19.1066413600652	18.7872213600779	18.752536459984	0.946692958935558
"sp|Q9JJX6|P2RX4_MOUSE"	14.6858732901425	14.6634040897464	14.9097589397943	14.8461927501243	14.5711334000152	14.6940952701857	14.2628846096988	14.2384886099578	0.946298753952396
"sp|Q80V62|FACD2_MOUSE"	19.5528568100884	19.5415081799179	19.5948120699647	19.6526478300059	19.517891569956	19.4873347499381	19.3588619198952	19.2731643999747	0.946070314440991
"sp|O35594|IFT81_MOUSE"	13.8805250702308	13.8793690798428	13.9454983799372	13.7507977504906	13.6899164900342	13.7460478303144	13.4031712400009	13.4201082505213	0.945889889484765
"tr|O08797|O08797_MOUSE"	17.8768075600314	17.8189598600363	17.8786959298134	17.742632729777	17.6871445296892	17.743985859845	17.5078837801879	17.4029773800648	0.944781315228744
"tr|Q91VB8|Q91VB8_MOUSE"	21.425046130217	21.4936327901304	21.5020309101567	21.45544191017	21.3635793300304	21.4292604397458	21.1026498300436	20.7661965003529	0.944258388753722
"sp|Q8R5F7|IFIH1_MOUSE"	16.4024378400355	16.2931156100285	16.3446258800788	16.3037364199705	16.199240349952	16.3371924000693	16.0364390399438	15.8985931600417	0.94415519598767
"sp|P29533|VCAM1_MOUSE"	16.0057728199779	16.0552476998949	16.0628255100877	16.1686232500837	15.7508946198845	15.8322425499648	15.4962460801166	15.3281305399509	0.943899977412825
"sp|Q8BVL9|JKIP1_MOUSE"	19.0572810800891	18.9917109299898	19.0120387200603	18.9705972999186	18.9502393299164	18.8662028501034	18.7133754801359	18.711406729863	0.943200323163867
"sp|P09528|FRIH_MOUSE"	18.906165879966	19.0792982998782	19.1660354300937	19.1550080899487	18.9780756599328	18.7984016799557	18.2331540700852	18.4330447798935	0.943117208140354
"sp|O08529|CAN2_MOUSE"	17.747927290234	17.7690085198011	17.7203037197277	17.6821850701796	17.7113050896778	17.6732393596757	17.4298564102263	17.5068094002102	0.943080680227938
"sp|Q61549|EMR1_MOUSE"	15.7019190600057	15.7792268000813	15.7555121601046	15.7215242601257	15.4484093598638	15.3070062200685	14.9548002802267	14.9094127598665	0.942484942028438
"sp|O89106|FHIT_MOUSE"	16.6942717797774	16.7196767897164	16.772709290394	16.6635713097752	16.6829987506752	16.7907081494059	16.4261700699821	16.3826879000448	0.94244872659882
"sp|P36423|THAS_MOUSE"	16.680376709538	16.8826969201783	16.8069198805452	16.8910407601077	16.616173500413	16.8503375895937	16.2274335299271	16.2832145400825	0.942413227857826
"sp|Q8BMD8|SCMC1_MOUSE"	17.5168404199429	17.6369187601365	17.477637920386	17.5255514700151	17.4415771096744	17.4912038000897	17.1689173901038	17.2056091100269	0.941847095359523
"sp|Q8VDI1|ESIP1_MOUSE"	15.9717496800852	15.9973949799861	15.9960754900165	16.0077566800966	15.8122244400708	15.8197494999808	15.6484185399244	15.5900735600882	0.941683838688822
"sp|Q09014|NCF1_MOUSE"	18.638599249837	18.6049214198377	18.5716795101278	18.6237876800727	18.5044751298348	18.6317410798614	18.380467970179	18.286217600053	0.941635555403938
"sp|Q80YR7|CLSPN_MOUSE"	17.7186692801559	17.7393638600007	17.6707022598738	17.7432323099957	17.7188315000246	17.601187529781	17.451605709829	17.4358279600114	0.941468197668053
"sp|Q6ZQM8|UD17C_MOUSE"	16.1900409000161	16.0637451700239	16.188247659989	16.2211429000619	16.0202553800602	16.2161917599374	15.7955713699948	15.7390829299527	0.94126367857031
"sp|Q9D666|SUN1_MOUSE"	16.8706077505026	16.8286254398801	16.9065009695507	16.9493529101825	16.7763020804899	16.855011450403	16.6416673692985	16.641904960029	0.940413627166625
"sp|Q2KHI9|MCM9_MOUSE"	17.1566362199961	17.1269109502469	17.2722368099085	17.1073605000453	17.2163774598256	17.1495960903765	16.7791468296801	16.8199176996436	0.939467400611825
"sp|P09541|MYL4_MOUSE"	18.9132116298937	18.8302552498805	18.9105504500736	18.8440680400049	18.9313284499748	18.8981119200739	18.5655165901564	18.5912944301008	0.939322335563248
"sp|Q60648|SAP3_MOUSE"	19.3370357000308	19.3293357900138	19.3654762300483	19.3599979400402	19.2923731601074	19.4276310900781	19.0285687898866	19.0941464501009	0.938922961105265
"sp|P20491|FCERG_MOUSE"	15.7531840700631	15.9400068300849	15.7942530500736	16.0847258400137	15.6978605800095	15.8431717201033	14.9733392702103	15.2138869800027	0.938762188342962
"sp|Q8K4R9|DLGP5_MOUSE"	17.739661759842	17.6536981901413	17.7436953902101	17.6670876598566	17.5305937597495	17.6651046997539	17.3927601001787	17.1951603498458	0.938627896147779
"sp|Q60775|ELF1_MOUSE"	18.9466762101122	18.9278327199711	18.9671134298686	18.8617196299979	18.9631271899758	18.936204469909	18.6953093500615	18.6278553800723	0.938161306252358
"sp|Q921F4|HNRLL_MOUSE"	15.8675768500341	15.6473575798736	15.7089884999065	15.8169509000876	15.5068982900173	15.6883392100168	15.1937164098472	15.2161301499197	0.93786432160729
"sp|Q9CZE3|RAB32_MOUSE"	18.046002460209	17.973765059985	18.1493177097676	18.1184740901522	17.9048736499477	18.0118612298117	17.7383089999805	17.6879386902394	0.937646503616713
"sp|Q9D2V7|CORO7_MOUSE"	21.1973120601003	21.184876999917	21.1731793699335	21.1950739700574	21.2232715602694	21.0584821397705	20.8944633800748	20.8930584901182	0.937642634540982
"sp|Q58FA4|E2F8_MOUSE"	17.0668747499227	16.9709103196158	17.0626645404194	17.078734360396	16.9593404105356	17.0604625397062	16.8055236101081	16.6379005300573	0.937577165253066
"sp|Q80VJ3|DNPH1_MOUSE"	15.9799982899436	15.9349103500934	15.9798311199461	15.9747261300283	15.9384552999163	15.9249364100835	15.6128256099294	15.7589435600886	0.937543790622342
"sp|Q62407|SPEG_MOUSE"	15.3790808401124	15.3211720401409	15.4854498398771	15.3448824599081	15.3030370399753	15.3234035598778	15.1298825000238	15.0689355801749	0.937535068346966
"sp|B7ZMP1|XPP3_MOUSE"	16.8839991900922	16.8143102802383	16.9135709699474	16.934270779817	16.7864563895778	16.8751908996372	16.6759910096743	16.5971741299413	0.937258899973569
"sp|A2APB8|TPX2_MOUSE"	19.050978190103	18.9914248400517	19.0840952099115	19.0693620401307	18.9727767200749	19.1235976800958	18.7892009700838	18.753670959959	0.936724472134082
"sp|Q9EPB4|ASC_MOUSE"	19.7257451399442	19.8574878199492	19.8452610400001	19.8276954000129	19.7889237900617	19.7096910599383	19.3547812699328	19.5001607500807	0.936550096978485
"tr|Q3U1U4|Q3U1U4_MOUSE"	16.9630691603629	16.8872723995024	17.0274706500885	16.9390259703211	16.8641833994484	16.9517578099399	16.7308704303159	16.6146779498398	0.93633760578777
"tr|E9QA05|E9QA05_MOUSE"	19.6628776899331	19.5857704800635	19.5666556099375	19.6201143300536	19.5185239299679	19.6107890000354	19.300108410049	19.3717823400374	0.935831834464935
"sp|O89103|C1QR1_MOUSE"	18.9920483200188	18.9377684600507	19.1107388798882	19.0717179199967	19.03543686988	19.0197832000006	18.7726224100411	18.6926386299865	0.935542467379501
"sp|P31428|DPEP1_MOUSE"	14.6063671297656	14.6608620997774	14.7935676900199	14.6148729098137	14.5691629502401	14.6928084100311	14.225420669922	14.3157789301886	0.934851759738529
"sp|P15508|SPTB1_MOUSE"	18.0368619197954	18.1743416397986	18.1128172901611	18.1491377898268	18.0658993400709	17.9387298498833	17.7875932097181	17.6424124901414	0.934001091264864
"sp|Q5RJH2|MCTP2_MOUSE"	18.3852011499419	18.2976273099822	18.4613914600299	18.4288356199998	18.344669849961	18.2836867698615	18.1080472498063	18.1065614401926	0.933624107254411
"sp|Q8R0Y6|AL1L1_MOUSE"	15.8331980800087	15.8735415199807	15.733127240113	15.8204185000749	15.804934100087	15.7911160500733	15.5722242300053	15.4997954600623	0.933251277958175
"tr|Q3U5P2|Q3U5P2_MOUSE"	19.6712912200023	19.5016829800784	19.60565649008	19.5725691299468	19.4680059399389	19.5461510999834	19.1972192300553	19.2824998801059	0.932955806124095
"sp|Q8R242|DIAC_MOUSE"	14.9531241802138	15.1100414298458	14.9912777798546	15.0486576198391	14.9782731701856	15.045229789955	14.7496120201411	14.7146858497608	0.932734755411913
"tr|F6WL90|F6WL90_MOUSE"	17.7660674300291	17.5737426702858	17.6737819502974	17.7604081102613	17.62060184006	17.6272748499531	17.3798912197572	17.3220597497719	0.93218054034236
"sp|P13405|RB_MOUSE"	18.7223344601247	18.6041762499081	18.7197604798918	18.7740200698664	18.6736621901119	18.6560410900784	18.4583001899646	18.4451561200894	0.931662804321908
"sp|O35744|CHIL3_MOUSE"	20.1118891399003	19.9711874698436	20.0959973996242	19.927534260047	20.0775031905984	19.8292320700083	19.5310378599494	19.4364410100306	0.931528445655021
"sp|Q5PSV9|MDC1_MOUSE"	18.6416531800014	18.6125919499194	18.6708944100162	18.7247801701624	18.5782533599359	18.5485008899533	18.4458608300462	18.3459728501167	0.930917887106765
"sp|P58681|TLR7_MOUSE"	15.200475159941	15.2038648099714	15.1651091101292	15.387462819877	15.1177072798444	15.192716939915	14.8864749702294	14.7157394998967	0.930657455343114
"sp|Q9D2Y4|MLKL_MOUSE"	16.9896566497467	16.9982069094969	16.9120158503764	17.0817526897575	16.8350783900201	16.9414532396416	16.6302895204748	16.6505241303859	0.930402513672649
"sp|P49586|PCY1A_MOUSE"	18.7084312900811	18.710481870164	18.6455292900287	18.6791875000509	18.7610200001425	18.6812452598541	18.4373176300468	18.3798448401328	0.930329782354856
"sp|Q8K389|CK5P2_MOUSE"	16.1305805699795	16.1881359899937	16.2162499600254	16.1470935600364	16.0799496399463	15.9680845599286	15.8226703399181	15.822216439896	0.928911175330221
"sp|Q8BLF1|NCEH1_MOUSE"	16.634541299393	16.6242556705104	16.5730481300704	16.5186246699711	16.5505459300685	16.6408103696557	16.328831880063	16.2955596499127	0.926779131130413
"tr|E9QA15|E9QA15_MOUSE"	15.6113877000982	15.8629418899025	15.7752799901121	15.8362185301133	15.6478987101086	15.7087027300028	15.3209144301581	14.9214629400363	0.926197275587638
"tr|E9QQ48|E9QQ48_MOUSE"	17.0127355801243	16.937019570149	16.979383260145	16.9035280300558	16.8065399896385	16.9122511001975	16.6696200505383	16.4164145000024	0.925147441523363
"sp|Q9CQ86|MIEN1_MOUSE"	17.6645421298235	17.6169393100174	17.6045843598749	17.573774709703	17.5007703201953	17.5071016003661	17.3330864397062	17.3707692498816	0.924197930959127
"sp|Q8K203|NEIL3_MOUSE"	18.155403140091	17.9956738597348	18.1281209400319	18.1067016198942	18.0347579999304	18.1217702998396	17.859880939735	17.7461733701467	0.923980970226674
"sp|Q6BCL1|PRAM_MOUSE"	14.5314263801498	14.5994829797096	14.6534634597544	14.5931643701566	14.4582520798377	14.4833743698622	14.0529675698756	14.2770527200401	0.922408528345106
"sp|Q9D479|UVSSA_MOUSE"	13.948642169845	13.9505942001288	13.8115946997702	13.8449168000021	13.8326211596228	13.8208812903602	13.5913144801939	13.3713911101582	0.922204839825669
"sp|Q0VGT4|ZGRF1_MOUSE"	17.2722597298323	17.2190778102022	17.3053952096078	17.3829257401624	17.3405077198928	17.2780878098637	16.9873302998994	17.0358391895033	0.922102177082727
"sp|E9PV24|FIBA_MOUSE"	17.515721610349	17.8517475300693	17.8437146498944	17.7258154297157	17.4593311698677	17.4562635699514	17.1207431503495	16.7732651600916	0.92091164893698
"sp|Q8CB87|RAB44_MOUSE"	15.2866254899444	15.3574021399111	15.4853624901512	15.5285535398684	15.3246875199649	15.2751169601142	15.0373628098484	14.7070220401614	0.920560512321793
"tr|G3X987|G3X987_MOUSE"	18.900160129894	18.7787451401356	18.9599421600065	18.8862225299103	18.8586373598518	18.9315846099841	18.5911778198474	18.6108251701578	0.920331733547556
"sp|Q3TVP5|F105A_MOUSE"	15.5751491399605	15.4505311298769	15.5127766500737	15.4158785699686	15.3994553601465	15.4432333699197	15.2474430900492	15.1658156600353	0.920224731338172
"sp|Q3TL44|NLRX1_MOUSE"	15.8381890599974	15.8383151399997	15.9143176799135	16.0055992599263	15.9206391199517	15.9044002199504	15.5812006799213	15.6323612299502	0.919715601786482
"sp|Q9D0P0|EBPL_MOUSE"	16.1740032299121	16.2821332300376	16.3029801900645	16.2923756199656	16.0884607300985	16.0405548100799	15.8755138999636	15.8410386099912	0.918556375741669
"sp|Q91VW3|SH3L3_MOUSE"	21.5510442002145	21.4576872998812	21.5622707199197	21.4216674699374	21.4314498601238	21.4515974399182	21.2805818299838	21.157552520006	0.918545000785925
"sp|P32261|ANT3_MOUSE"	20.727835689885	20.4830363399624	20.24490847944	20.5450372401568	20.2184816996513	20.2437828395191	19.7277712500787	19.5371905099069	0.918052598824219
"tr|A2AJ30|A2AJ30_MOUSE"	14.5771649101427	14.5992608502653	14.4213638997713	14.6442168697287	14.4589385698295	14.4954535797336	14.1555487898147	14.2010697900459	0.917453074445499
"sp|Q99PG4|RGS18_MOUSE"	15.9897536499662	15.9824517700281	15.9947012000296	15.9212633500131	15.8919805400706	15.8849560001085	15.7702359200668	15.5639903601181	0.917106018698152
"sp|Q8C0Q2|ZHX3_MOUSE"	15.4077334399488	15.4104103100359	15.2842661999159	15.3997195100192	15.3552419100135	15.2302721800164	15.0420448298025	15.061900529851	0.915879804366313
"sp|Q8BY46|ZN574_MOUSE"	15.2327584200989	15.1297696198335	15.2840867499575	15.236522400043	15.0950084598838	15.2200810998604	14.9854133300467	14.9278594900081	0.915641600606363
"sp|Q8BZ09|ODC_MOUSE"	17.9453206702678	17.8679023498018	18.0469909000763	17.9110601300531	18.0205337699158	17.6174373602863	17.3896778199561	17.172347949798	0.915614718881676
"sp|Q91WT8|RBM47_MOUSE"	13.8575229201777	13.9996510103326	13.8895171601701	14.0113574503294	13.9012209802795	13.8061259604367	13.6438123604845	13.593947099884	0.915339949479988
"sp|Q9QXN0|SHRM3_MOUSE"	17.4374892499639	17.6326633598483	17.8549195299387	17.3760226103857	17.4114627600001	17.2251745103981	16.8252831004353	16.641509059576	0.91482763108658
"sp|Q9WV54|ASAH1_MOUSE"	17.4665274203619	17.3581562797836	17.2726745896856	17.4104093001667	17.4004512502254	17.4445386598156	17.0003315103385	17.0050495395476	0.914816976273588
"tr|B1AVN8|B1AVN8_MOUSE"	15.0008127200978	15.0826800901993	15.0656653798635	15.0517442797925	15.0745941401777	14.8708159902074	14.6462899798016	14.7368749399837	0.913484026551645
"sp|Q9WUP4|PORED_MOUSE"	14.83423481007	14.7902309099722	14.9200190000105	14.8060231899604	14.8694047797788	14.88289580021	14.6363578100013	14.539506200157	0.913287013966122
"sp|Q9WTK7|STK11_MOUSE"	15.7351947498956	15.718502909869	15.6286452499781	15.6475073701108	15.6278493799521	15.5996492000328	15.421389770139	15.4644784998932	0.912640068924223
"sp|Q8VEB4|PAG15_MOUSE"	15.7301751999838	15.7043804699858	15.7546146698731	15.6482867899013	15.7910017698771	15.7792579500337	15.4199907498905	15.413642229972	0.911734671806772
"sp|Q9QZ08|NAGK_MOUSE"	17.5374597500685	17.5654347898072	17.4826479201357	17.4488087596526	17.4262733300164	17.485784740187	17.2975184599139	17.1139451396054	0.911010851133115
"sp|P28033|CEBPB_MOUSE"	15.6315849701408	15.6154340300291	15.5779961898845	15.7748746199176	15.6416550400264	15.632451889906	15.3850406600627	15.1790660498318	0.91099455017775
"sp|P24452|CAPG_MOUSE"	20.3197815796404	20.3400343502571	20.2493688301786	20.1888211005653	20.2560256697297	20.2853572005456	20.0438499001406	19.9491718893828	0.910178820342892
"sp|Q8BR90-2|CE051_MOUSE"	15.8860523501151	15.9383354899566	16.0556249099225	15.8580005599918	15.8707149800061	15.9070760899856	15.6284153499124	15.6729861099534	0.910097613464973
"sp|Q01320|TOP2A_MOUSE"	23.4764733098444	23.3454272799568	23.4926946797514	23.4641443800382	23.3100843500306	23.377113479792	23.2119924000031	23.1327100900078	0.909997095719695
"sp|P10300|CD8B_MOUSE"	16.1906634700589	16.2736844499486	16.0562703900738	16.178980099964	16.2517186499729	16.2129925699671	15.6426738600788	15.7588280000003	0.909351238692152
"sp|Q91YQ1|RAB7L_MOUSE"	15.718686129929	15.6833153299283	15.8379343799475	15.8238446099164	15.7226253700839	15.7307601900862	15.4682280600409	15.554607520141	0.908094038318771
"sp|Q8C551|R51A1_MOUSE"	17.5183336000896	17.4637848500187	17.3453839797003	17.3919200398849	17.4236454097139	17.4804116096118	17.1112443095351	17.1209969396325	0.906274424709945
"sp|Q80VG1|SCML4_MOUSE"	13.5248679899488	13.5566538299435	13.5337331595857	13.5606524895085	13.6245689799621	13.4042217298931	13.1479494800462	12.6808166599097	0.906267055925359
"tr|E9Q7Y4|E9Q7Y4_MOUSE"	16.739620969846	16.7846984195521	16.6248048695517	16.7876648403975	16.8182663998584	16.7132941000669	16.325439779958	16.397480430044	0.905847584446271
"sp|P56203|CATW_MOUSE"	15.0234355401586	14.9175829099604	15.3267892501521	15.0382465501726	14.9178128998952	15.0194529099994	14.6194033197737	14.4613440897946	0.905799276531401
"sp|Q75NR7|RECQ4_MOUSE"	15.8626342500856	15.872328260005	15.9380595500378	15.9394970400151	15.8455121199913	15.7734613601034	15.5859661198976	15.697555379912	0.905734205187215
"sp|Q9QY53|NPHP1_MOUSE"	15.3070541399068	15.3255452101267	15.4860164199747	15.4485718900304	15.4076900300348	15.4317161100432	15.0638080800003	15.1311983701422	0.903229889747837
"sp|P60824|CIRBP_MOUSE"	17.548947040334	17.5085321398911	17.7153909601292	17.4739103998664	17.5368319897721	17.6071251197166	17.2636774996082	17.1834116002413	0.903062177768369
"sp|Q9JJW6|ALRF2_MOUSE"	19.3890316699288	19.1873868499309	19.3577683600056	19.2019662699421	19.2755057300929	19.24057253997	18.9632103900344	18.9563553300389	0.903007154901
"sp|O88188|LY86_MOUSE"	14.2163495202846	14.2373312796432	14.1087321502196	14.2502077002734	14.2784185697541	14.3136788896943	13.8306919104524	13.8347656998363	0.902582405055595
"sp|Q9ERH4|NUSAP_MOUSE"	18.6642458401342	18.6167069199208	18.6642070601721	18.7113594200966	18.5229343001103	18.7587791200777	18.3074988199255	18.376661039791	0.902186507882097
"sp|Q99N16|CP4F3_MOUSE"	14.9326243700128	14.890528009853	14.9068744699261	15.0435674700347	14.8860146799968	15.0063664801709	14.7049676901581	14.6731624298197	0.902175880380466
"sp|Q9D964|GATM_MOUSE"	15.6971224799813	15.8650501699609	15.8330408999948	15.8836147199474	15.6447138900106	15.8573597400198	15.4038400898916	15.481314459917	0.901752507609908
"sp|Q91W52|TMM19_MOUSE"	14.5784302800687	14.5039049697842	14.7085816302264	14.5553968900892	14.7001157202126	14.5661035401523	14.2177651500338	14.2483710902831	0.900810954059447
"sp|Q9JL16|ISG20_MOUSE"	15.4604117201371	15.4121891799245	15.5561433900649	15.5813569100507	15.3518294799619	15.3919880999807	15.2301802400915	15.1794526399722	0.900276120995708
"sp|Q7M729|SCN4B_MOUSE"	16.8675238003837	16.8441248896778	16.6580390294883	16.7454527903923	16.8077810194788	16.6206955001746	16.389600200062	16.3255212799123	0.898581609765544
"sp|Q4QRL3|CC88B_MOUSE"	16.7883476298299	16.8823352701675	16.9015111102375	16.8220914395832	16.808471349632	16.9449381803717	16.6367315400963	16.4994721999484	0.897720452344775
"tr|Q8R379|Q8R379_MOUSE"	17.596978879647	17.4493961697248	17.6168680700655	17.4862408203618	17.5738672802087	17.702931009767	17.1640138600353	17.1095126704263	0.897200235572179
"sp|Q05921|RN5A_MOUSE"	17.6389917301311	17.6854250599603	17.6850832901647	17.8142478300923	17.7380156698449	17.7004520701891	17.4485332798286	17.480375020281	0.896804647865869
"sp|Q9QXE0|HACL1_MOUSE"	14.9470622199731	15.1197278700952	14.8974593898599	14.9762353201825	14.9534970301226	14.879809159863	14.6526167901608	14.6501021697796	0.895703399161913
"sp|Q62445|SP4_MOUSE"	15.6820346901269	15.4780601299907	15.5313150901438	15.6831555999534	15.5643826598901	15.6235926300988	15.2580199499745	15.2792100499125	0.89405153192435
"sp|Q4QY64|ATAD5_MOUSE"	17.6440753902102	17.6469344598484	17.7517052399009	17.713936369824	17.5103751002887	17.6551760102673	17.4620814701792	17.3838039897784	0.893914229446953
"sp|Q80U62|RUBIC_MOUSE"	14.0219080003633	14.127226180361	14.0124076102849	14.1675856800425	14.1207907801752	14.1618061498892	13.7082476097115	13.7930557595131	0.893770683484372
"sp|Q9D0F1|NDC80_MOUSE"	17.6134747001324	17.8095393602737	17.6922033798759	17.7990651599155	17.6964201502202	17.8082379898582	17.3103389098538	17.4216130202466	0.892662724977726
"sp|P17563|SBP1_MOUSE"	18.7384378598401	18.9200630901231	18.8393005901073	18.7976797699672	18.7397904300585	18.687245410065	18.5204438400935	18.5449796199655	0.892148264194607
"tr|A2A6J7|A2A6J7_MOUSE"	18.5713027301481	18.8162994998449	18.7277336898657	18.8020392899637	18.6531589000324	18.7777209000022	18.180730530114	18.3842762998397	0.891163812798297
"tr|E9Q2Q7|E9Q2Q7_MOUSE"	15.8330116899593	16.0484853100927	15.9761040899013	16.1377983599895	15.6752431499956	15.9002059499929	15.5178829100807	15.4192911901336	0.890271305801978
"tr|Q792Z1|Q792Z1_MOUSE"	20.9952216600688	20.8920792697046	20.8796990297809	20.5475943602896	20.7172255899119	20.6566944600184	20.2811407501079	20.1057672797886	0.889652370337615
"tr|Q8BTS3|Q8BTS3_MOUSE"	17.1755365798497	17.2951896697327	17.2072596297573	17.3195272197605	17.0935318901386	17.1964566298923	16.9763736898691	16.9802529800825	0.888529774919264
"sp|Q8K0E1|KCD15_MOUSE"	15.1800531999677	15.3102052799127	15.1798453099801	15.186251489889	15.312974649846	15.2552402298696	14.8797039999147	14.9271195401246	0.888099810983178
"sp|Q9CXF0|KYNU_MOUSE"	16.193938350033	16.3115646099429	16.2743339600232	16.3851562500738	16.1522574100014	16.2497975800323	16.0448822000551	16.0042768200536	0.886645211076101
"sp|Q8CFJ7|S2545_MOUSE"	14.7480386197623	14.852924909903	14.6606881697729	14.8210258901556	14.7667067701523	14.830963370073	14.4491950001097	14.4887497198276	0.88614019206282
"sp|Q811Q9|PCY1B_MOUSE"	18.7778953800278	18.7672118999771	18.6384484899299	18.6432576099298	18.7579214901585	18.5841782198707	18.3473570099965	18.390293729866	0.885859441168386
"sp|P98203|ARVC_MOUSE"	14.8284949098053	14.9114087297691	15.0223281700158	14.8934763901485	14.4895190100409	14.5852730300663	14.3427444397003	14.2042601503478	0.885763031828122
"tr|E9Q6T9|E9Q6T9_MOUSE"	15.2218864101704	15.2858033299284	15.1860059199595	15.1282316201201	15.1397286300058	15.2886965799771	14.809802299884	14.9390374100769	0.885509595240019
"sp|Q60953|PML_MOUSE"	19.6403259499521	19.7735273199835	19.6757845200266	19.8071478499922	19.6949678600541	19.7574206100216	19.3355319499698	19.4876299599319	0.885080844764637
"tr|Q8C6B0|Q8C6B0_MOUSE"	15.9115803000179	15.9408925598895	16.04726459998	16.132659129989	15.7090671299459	16.0765084299829	15.4842040201058	15.5447932800412	0.885075292324082
"sp|Q9QZ15|CLC4A_MOUSE"	17.4762717703403	17.3086930098363	17.4148966702593	17.385526430173	17.3376552400641	17.1150425504966	17.0427367399595	16.8929321900184	0.884141935724681
"tr|O35424|O35424_MOUSE"	15.8942445300267	15.8232605701225	15.7932134500601	15.9198564299746	15.851370899932	15.9837194800867	15.5579496198705	15.5865516499183	0.883869896405783
"sp|Q5I2A0|SPA3G_MOUSE"	19.4153038900494	19.422493340033	19.2174115300967	19.2147243998976	19.3005932300126	19.3008078198946	19.0018043200627	18.8794170299653	0.88107204457567
"sp|Q9CRG1|TM7S3_MOUSE"	13.993258429586	14.0032360302388	14.1947331996306	14.1061136100097	13.9257219904572	14.1044830499584	13.8137387102358	13.7289186597648	0.88005567768802
"sp|Q9QXH4|ITAX_MOUSE"	14.7956100799177	14.7196456898842	14.7996548897996	14.7339212702644	14.5940839997671	14.4874685202754	14.4284859999579	14.3109464798903	0.879540900065663
"sp|Q61878|PRG2_MOUSE"	19.8161557099721	19.9518890399726	19.9350545395271	19.7439825100542	19.6555110800816	19.7535443499917	19.5550705399117	19.3542330700361	0.879037907293215
"sp|P54369|OAZ1_MOUSE"	14.6317096499005	14.8471197998459	14.6801374601844	14.4521266498779	14.1255235403964	13.962770619679	13.5206411703173	13.598414450209	0.878090658632265
"tr|B1AWC9|B1AWC9_MOUSE"	13.5314869001244	13.7876182304878	13.6830161899404	13.8346696498333	13.3485447203251	13.4632049896598	13.105978560057	13.1384719699829	0.876973147784035
"sp|Q9EP89|LACTB_MOUSE"	18.8766524299751	18.7729068600083	18.8999033900481	18.7884347699359	18.9056477700397	18.9045170401354	18.62810516005	18.5578366699586	0.876783480399353
"sp|O89032|SPD2A_MOUSE"	14.8510491499425	14.8574134602234	14.9447703998968	15.0233413599822	14.9852447298295	15.0389618199512	14.6241466397146	14.6187092102171	0.876488593731294
"sp|P56931|E2F2_MOUSE"	16.9177952204731	16.9247905098064	16.854596060556	16.8298769000184	16.6729488993468	16.5879535099646	16.4423376699424	16.4533342200107	0.875830651790575
"sp|Q9CY62|RN181_MOUSE"	22.3031350398673	22.1936534701209	22.3205475101236	22.1953475100027	22.3986075898775	22.3861393999216	21.5867403498111	21.8652573100283	0.875554457237113
"sp|Q9EQ20|MMSA_MOUSE"	16.0209870200166	15.9627472000863	15.9313800099179	15.851729839997	16.0613764099305	15.9287095899997	15.6814676899242	15.5466515099236	0.875144891920368
"sp|O89100|GRAP2_MOUSE"	14.8542859601662	14.989158099898	15.0982658499709	15.0295679199	14.9208533602234	14.878855170185	14.7612248101783	14.6182147801277	0.873630652447516
"sp|Q6P9R4|ARHGI_MOUSE"	16.0294547400659	16.0033355099836	16.1672024899297	16.0614478399159	16.1572298999553	15.9882456299049	15.8499387099825	15.7355002900131	0.871925140348709
"sp|Q6P3D0|NUD16_MOUSE"	19.3165144798994	19.1837548400191	19.1854044299001	19.1580370000383	19.2368430300508	19.110832780047	18.9411445298581	18.9714859500198	0.871288373342719
"tr|Q52KG3|Q52KG3_MOUSE"	14.8166084997709	14.7369985602166	14.8540834599358	14.9242203098512	14.7008132499828	14.6945439302103	14.4262134200309	14.58872163006	0.869521507411061
"sp|Q8R086|SUOX_MOUSE"	15.008062620031	14.97373524014	15.0419040900073	15.0052015498395	15.0374366898755	15.1580756399632	14.6798119598158	14.7854555200888	0.867139218704298
"sp|P39876|TIMP3_MOUSE"	14.7608952502472	15.0348369699222	15.1639954898867	14.9744183601142	14.8130810597895	14.8881390299838	14.6014986501726	14.4855019198778	0.865582559340557
"sp|Q924H5|RA51C_MOUSE"	16.5155013099352	16.3696701099659	16.4283419900387	16.520977330048	16.4234083400043	16.5890739700276	16.0740955499335	16.2053863600011	0.864212904270018
"sp|Q9WTJ8|FA50B_MOUSE"	18.9822197000184	18.8792285500632	18.9447643601353	19.1269614300128	19.038240460095	19.0310357200044	18.5819365698879	18.7260923701388	0.858820351255678
"sp|Q6PGN3|DCLK2_MOUSE"	15.3148693900616	15.0266561599498	15.2740357299044	14.8458596598957	14.8416219000906	14.8666173401863	14.3986720002359	14.5055725598526	0.857230721147531
"sp|Q7TS74|CKP2L_MOUSE"	16.6257532103909	16.5153894300634	16.6462248697108	16.5754445200354	16.6754308997934	16.7820354804021	16.3010258799124	16.252782499964	0.854821925089845
"sp|Q711T7|NADE_MOUSE"	15.333864089906	15.0932087100852	15.3714374098403	15.3083430599804	15.425428630049	15.199132660166	14.9169299700563	14.8809134099264	0.853760647828819
"sp|Q6NWV3|IF122_MOUSE"	15.386208949854	15.546085759894	15.3931276199864	15.3511444699836	15.3870636899976	15.4261237600204	15.1413228998654	15.2118561399395	0.852602510277354
"sp|Q8R1G6|PDLI2_MOUSE"	15.0299950300173	14.8682974199592	14.8770223600458	14.8621715899911	14.9091528101622	14.9411309900164	14.5760691998761	14.710270439864	0.851788703926544
"sp|Q3U6Q4|PI3R6_MOUSE"	15.3896193699638	15.3721073299834	15.4978729300385	15.3826362198631	15.2375205400427	15.2235461400858	15.1814646500845	15.0362148099255	0.84949273189404
"sp|Q641K1|CBPC1_MOUSE"	13.6068710497839	13.823350749876	13.8252452101252	13.8977752004149	13.7863530101121	13.6951647099239	13.4223367495372	13.5184382597331	0.847096919277421
"sp|P16675|PPGB_MOUSE"	17.5492164001318	17.6981606496825	17.5125535401897	17.5883775697086	17.4303976099434	17.4730052103146	17.3124655300388	17.3106672500015	0.846059158727144
"sp|P16879|FES_MOUSE"	17.1874936301264	17.2943544097388	17.3077879801005	17.2911657204394	17.1393174900292	17.0489109098599	17.0394899395156	16.8807958894312	0.84554654527989
"tr|E9PVP1|E9PVP1_MOUSE"	18.6592171700531	18.5725819199624	18.8610334699036	18.7938526901372	18.7136227101295	18.708633139998	18.4062131098411	18.4712130100398	0.843497697698888
"sp|Q3UR32|P2RX3_MOUSE"	16.1156502299998	15.8891500899299	15.8895093599611	15.9182865099772	16.1092620700161	16.240842630013	15.5371658901193	15.0345758398942	0.843142019322186
"sp|Q9QXV3|ING1_MOUSE"	15.906740559968	15.8251048199235	15.6946123000459	15.7502621999088	15.7910968798796	15.6241318699862	15.5251690398658	15.4466726698385	0.840336291520624
"tr|A0A075B663|A0A075B663_MOUSE"	21.8778869299961	21.7775480298749	21.7723552001381	21.7180685400757	21.9285212298854	21.7189733599097	21.4095422498854	21.5297874299221	0.840116024670392
"sp|O70404|VAMP8_MOUSE"	14.4726974600404	14.591175030049	14.6685145000462	14.6666712299769	14.4914782199285	14.610040489852	14.4132588800451	14.3353858602229	0.83858692516176
"sp|Q60772|CDN2C_MOUSE"	16.2143106600845	16.2170023000189	16.2740616600708	16.3222077399932	16.2738793299801	16.3781687900473	15.9759706100045	16.0909366300094	0.837633103352783
"sp|B2RY04|DOCK5_MOUSE"	17.2235657700363	17.1972831303213	17.1757805502734	17.3202140396032	17.0675324796743	17.0329812397619	16.9610935495428	16.9284111800148	0.837401209716611
"sp|Q9JL35|HMGN5_MOUSE"	20.8692615799433	21.1858683699138	20.9399774303153	20.8279503796643	20.8413445001087	20.7298883797318	20.5173232200801	20.4969739495194	0.835474975999289
"sp|Q5S006|LRRK2_MOUSE"	15.267759030054	15.3074074398401	15.4834271798693	15.4023460898506	15.2528908998621	15.3019689398843	15.1964471099258	14.9928085298041	0.834727887567822
"sp|Q8CIZ8|VWF_MOUSE"	15.4954488798558	15.7989492998986	15.6626234599771	15.7456847999404	15.4194520300146	15.4690855700943	15.122722300181	15.304017609927	0.832574043184674
"sp|Q9CQX4|PAF15_MOUSE"	18.9809744500611	19.0010892900066	19.1451769899736	18.9368426399041	18.6244517801626	18.6566905200701	18.5075958599791	18.4541652799342	0.829529203434321
"sp|Q5M956|KCTD1_MOUSE"	15.0331515199492	15.1459507500044	15.0146045798866	14.9278127302065	14.9882298701741	15.1526741700551	14.6351666499523	14.7973153702394	0.823982752395969
"sp|P29352|PTN22_MOUSE"	15.6659206501066	15.4513156399961	15.6774400199926	15.7956035800592	15.7379289298848	15.7978701200182	15.3433893599278	15.2469107299996	0.822862044046392
"sp|Q9CR50|ZN363_MOUSE"	16.4700840000727	16.4894672799508	16.6293274701614	16.5736831999875	16.4545638700271	16.366768180064	16.3653279600355	16.2448037400432	0.810017769328624
"tr|E9Q3I3|E9Q3I3_MOUSE"	15.5984418301429	15.5881503799672	15.7183608198777	15.8836411599765	15.4215460499593	15.5703139500856	15.2888375198231	15.3505603601585	0.807850402558217
"sp|Q8BND5|QSOX1_MOUSE"	15.2598416399149	15.2174343500429	15.0894424300738	15.2731603301391	15.0208985099053	15.0136499800127	14.8959334801986	14.9150210999384	0.805029346844464
"sp|P13379|CD5_MOUSE"	14.0830308196371	13.8990821303856	14.2814898603332	14.3324588798623	14.0907583203482	14.3595501596928	13.8325184802652	13.5270569505839	0.804919952347207
"sp|Q6NXY1|TBC31_MOUSE"	15.7612789100017	15.7104126201333	15.792711909926	15.8391631799814	15.563966979961	15.6326735799276	15.5110252699902	15.5414725899302	0.804552944615132
"sp|Q3UWW6|GA2L3_MOUSE"	14.8785691200118	14.7725966101422	15.0102101997945	14.7761866299971	15.0251923401375	15.0137135697941	14.5973955997815	14.4937873098052	0.801244228172753
"tr|Q5SQA4|Q5SQA4_MOUSE"	17.7704442002959	17.8548526499501	17.8227880397555	17.994422310201	17.657544340129	17.6272218398554	17.6023884601147	17.4426702699686	0.798475528494158
"tr|F7BAE9|F7BAE9_MOUSE"	19.9787455704171	19.5583202899428	19.1001105299745	19.3428446799591	19.2351526800925	19.2583744500381	18.5561706699975	18.719019010077	0.798213693483981
"sp|Q9QYC7|VKGC_MOUSE"	15.8258265500344	16.0225468099032	15.7999688601008	15.7832245300719	15.7351443600054	15.7486269500305	15.6273225699168	15.5437978098944	0.796854556257612
"sp|Q8CEQ0|CDKL1_MOUSE"	17.5807252101415	17.3788316198529	17.6931229102639	17.6019497999502	17.6646257700728	17.6332666301407	17.2523697697741	17.3215357700895	0.795795110301966
"sp|Q3TVW5|TCHP_MOUSE"	14.0848351699073	13.9768621201393	14.1942959100472	14.2593750897178	14.0975759798713	14.2622315498148	13.8526988396008	13.8917541504467	0.788625205040514
"sp|Q8BRM2|GORAB_MOUSE"	15.6170135499054	15.7623791400283	15.7918218299094	15.8729589499733	15.6175944100999	15.6664347099501	15.5805493599748	15.4465372799398	0.787628615828783
"sp|Q60773|CDN2D_MOUSE"	15.9082064700475	15.8919182000244	15.833267570064	15.7537915300411	15.9206335399568	16.0334245399066	15.63759808005	15.5622979101404	0.786928632553532
"sp|O88783|FA5_MOUSE"	16.8733414605538	16.898794430125	16.9423064202437	16.9591662299059	17.0286167605254	17.048139460166	16.8064221105748	16.5655576199716	0.784399173703613
"sp|Q8CHC8|ADNP2_MOUSE"	16.5634181699325	16.5599839800556	16.6058569199768	16.72151628965	16.4133610999688	16.5000678400491	16.4361424000239	16.3185188299588	0.772434541915483
"sp|O35615|FOG1_MOUSE"	15.2084348098925	15.3172001998666	15.2226886401641	15.2967935399734	15.3972566099236	15.3571298999377	15.0289334998428	15.105197800099	0.770815342970651
"sp|Q64343|ABCG1_MOUSE"	16.976628460407	16.8398543700859	16.9824823796609	16.9042630699769	17.0870377003062	17.106409169502	16.6862030199928	16.6887023906689	0.769216525045717
"sp|Q69ZZ6|TMCC1_MOUSE"	15.5622561000012	15.4642396799303	15.4401166198537	15.2836535799514	15.451856849952	15.6434155899356	15.1562688101335	15.1396411699192	0.768874256741453
"sp|Q9JMG7|HDGR3_MOUSE"	14.7320894800711	14.6239173100958	14.9241114898431	14.9860550900305	14.8364015001444	14.7597191199713	14.3140176601257	14.6057754797858	0.766450185294164
"sp|P41183|BCL6_MOUSE"	15.4840529999299	15.5955642899265	15.1135548598806	15.2334401701099	14.9778076097887	14.853016330008	14.7282683399827	14.6441032098638	0.76010767028255
"tr|B2KF05|B2KF05_MOUSE"	13.8830674796897	13.8794481303769	13.7625228700602	13.9689576299878	14.0034180004364	14.0377809902857	13.6518836095262	13.6475527899255	0.749362909159044
"sp|O88990|ACTN3_MOUSE"	22.1343659200401	22.1954506099993	22.3075339701211	22.3720777398849	22.1416578498601	22.0660604598897	22.0315296400566	22.0056730499595	0.744417813948422
"sp|Q5DU57|SPT13_MOUSE"	14.4694405202771	14.4230268297783	14.553237270111	14.7185176099632	14.3806182499475	14.4051903999638	14.2807859298011	14.2909175499068	0.743754214635487
"sp|Q8K3K8|OPTN_MOUSE"	15.3880533401584	15.2673945200202	15.3075477600574	15.3042021898312	15.4720985400936	15.3780908101525	15.091266189912	15.1855598598997	0.740719611585855
"sp|Q9Z0L8|GGH_MOUSE"	15.556258119853	15.5455343501156	15.5816622499189	15.6003864000422	15.6869286400936	15.8208406699335	15.4303353798803	15.2375809998711	0.740019048889405
"sp|Q640L3|CCPG1_MOUSE"	15.1979782798156	15.0949915799768	15.2078282501402	15.1857395801149	15.2726394898961	15.3139769998463	15.076978119849	14.9382809499358	0.732965060619951
"sp|Q8BLB7|LMBL3_MOUSE"	16.4944782900593	16.5024984999689	16.7100385306444	16.7376762198404	16.521652329961	16.5560088900465	16.4663698600309	16.3312991999178	0.731182996979297
"sp|O88855|LT4R1_MOUSE"	13.6826048103114	13.7163160000061	13.56371051016	13.3403259803259	13.6648374094694	13.6100562500128	13.3188665395089	13.2453350799733	0.729593695073309
"tr|F7ANU5|F7ANU5_MOUSE"	14.0688197498344	14.1410015701567	13.9912256903	14.0099838998796	14.1187582600356	14.290540709691	13.6341719001899	13.889684150245	0.727612532744079
"sp|Q04211|BTG2_MOUSE"	15.8681540999099	15.7031091199854	16.0687395199377	16.059150029947	15.5485722198928	15.7148238701062	15.6514329299391	15.3229550799462	0.727511399480289
"tr|A2ADP5|A2ADP5_MOUSE"	14.5073991001436	14.4482268501344	14.4022499303061	14.4316021801881	14.6835835397919	14.6347122102667	14.2119994399731	14.2101559897161	0.724135779102911
"sp|Q9JL04|FMN2_MOUSE"	14.0256755997279	13.8891016496069	13.9387650298834	13.8711978896626	14.0848447901544	14.0992691702016	13.8107653302562	13.6439735595129	0.710462535063884
"tr|F6U238|F6U238_MOUSE"	14.2504048897278	14.1633493303926	14.278409040123	14.2524735796863	14.437351049827	14.3414613401539	14.0369880999663	14.0904840899382	0.703990733148961
